date,noise_complaints,other_complaints,total
2010-01-01,691,2215,2906
2010-01-02,456,3401,3857
2010-01-03,290,5319,5609
2010-01-04,295,9020,9315
2010-01-05,322,7977,8299
2010-01-06,331,6613,6944
2010-01-07,348,6508,6856
2010-01-08,468,5561,6029
2010-01-09,541,3408,3949
2010-01-10,481,3982,4463
2010-01-11,352,7348,7700
2010-01-12,273,6730,7003
2010-01-13,404,6506,6910
2010-01-14,253,5625,5878
2010-01-15,539,5346,5885
2010-01-16,684,2503,3187
2010-01-17,633,2345,2978
2010-01-18,419,3663,4082
2010-01-19,381,5755,6136
2010-01-20,419,5573,5992
2010-01-21,425,6072,6497
2010-01-22,510,5444,5954
2010-01-23,736,2661,3397
2010-01-24,604,2286,2890
2010-01-25,377,7676,8053
2010-01-26,448,6289,6737
2010-01-27,398,6190,6588
2010-01-28,395,6461,6856
2010-01-29,432,8064,8496
2010-01-30,748,5764,6512
2010-01-31,608,4065,4673
2010-02-01,389,7506,7895
2010-02-02,385,6635,7020
2010-02-03,361,5957,6318
2010-02-04,406,5637,6043
2010-02-05,502,5355,5857
2010-02-06,633,3061,3694
2010-02-07,657,3021,3678
2010-02-08,406,6696,7102
2010-02-09,359,6015,6374
2010-02-10,313,3890,4203
2010-02-11,214,6007,6221
2010-02-12,482,6754,7236
2010-02-13,587,3733,4320
2010-02-14,607,2585,3192
2010-02-15,541,3712,4253
2010-02-16,434,5704,6138
2010-02-17,467,7072,7539
2010-02-18,461,6351,6812
2010-02-19,487,5847,6334
2010-02-20,804,2962,3766
2010-02-21,728,2518,3246
2010-02-22,363,6497,6860
2010-02-23,372,6544,6916
2010-02-24,348,6877,7225
2010-02-25,331,6073,6404
2010-02-26,389,4365,4754
2010-02-27,637,3794,4431
2010-02-28,682,3537,4219
2010-03-01,340,7233,7573
2010-03-02,392,6681,7073
2010-03-03,395,7038,7433
2010-03-04,357,6517,6874
2010-03-05,439,5802,6241
2010-03-06,779,2957,3736
2010-03-07,635,2617,3252
2010-03-08,386,6230,6616
2010-03-09,410,6288,6698
2010-03-10,411,6129,6540
2010-03-11,416,6012,6428
2010-03-12,424,5659,6083
2010-03-13,384,5077,5461
2010-03-14,358,5902,6260
2010-03-15,374,9609,9983
2010-03-16,402,7252,7654
2010-03-17,467,6596,7063
2010-03-18,511,6219,6730
2010-03-19,620,6169,6789
2010-03-20,981,2871,3852
2010-03-21,820,2630,3450
2010-03-22,425,6425,6850
2010-03-23,419,6797,7216
2010-03-24,373,6324,6697
2010-03-25,481,5879,6360
2010-03-26,450,6022,6472
2010-03-27,695,3341,4036
2010-03-28,578,2863,3441
2010-03-29,390,6788,7178
2010-03-30,372,9271,9643
2010-03-31,532,6585,7117
2010-04-01,531,5615,6146
2010-04-02,698,4289,4987
2010-04-03,790,2337,3127
2010-04-04,869,1864,2733
2010-04-05,659,5872,6531
2010-04-06,578,6140,6718
2010-04-07,542,5883,6425
2010-04-08,557,5867,6424
2010-04-09,542,5913,6455
2010-04-10,896,2758,3654
2010-04-11,918,2027,2945
2010-04-12,561,6117,6678
2010-04-13,353,5789,6142
2010-04-14,614,5576,6190
2010-04-15,529,5794,6323
2010-04-16,500,5461,5961
2010-04-17,778,2582,3360
2010-04-18,812,2246,3058
2010-04-19,483,6295,6778
2010-04-20,396,5535,5931
2010-04-21,549,5629,6178
2010-04-22,517,5125,5642
2010-04-23,630,4858,5488
2010-04-24,970,2445,3415
2010-04-25,663,2214,2877
2010-04-26,417,6148,6565
2010-04-27,447,5744,6191
2010-04-28,436,6376,6812
2010-04-29,537,5412,5949
2010-04-30,730,4592,5322
2010-05-01,1010,2227,3237
2010-05-02,926,2273,3199
2010-05-03,466,6916,7382
2010-05-04,589,5570,6159
2010-05-05,602,5658,6260
2010-05-06,604,5499,6103
2010-05-07,661,4780,5441
2010-05-08,768,3115,3883
2010-05-09,618,2933,3551
2010-05-10,434,6960,7394
2010-05-11,499,6233,6732
2010-05-12,403,5959,6362
2010-05-13,502,5010,5512
2010-05-14,596,4984,5580
2010-05-15,972,2200,3172
2010-05-16,988,1933,2921
2010-05-17,646,5871,6517
2010-05-18,422,5167,5589
2010-05-19,524,5562,6086
2010-05-20,710,4902,5612
2010-05-21,726,4793,5519
2010-05-22,1159,2436,3595
2010-05-23,980,1926,2906
2010-05-24,604,5289,5893
2010-05-25,585,5159,5744
2010-05-26,592,5312,5904
2010-05-27,533,5795,6328
2010-05-28,642,4430,5072
2010-05-29,1066,1961,3027
2010-05-30,1076,1544,2620
2010-05-31,1064,2040,3104
2010-06-01,475,5446,5921
2010-06-02,399,5534,5933
2010-06-03,373,5253,5626
2010-06-04,525,4973,5498
2010-06-05,767,2403,3170
2010-06-06,719,2331,3050
2010-06-07,533,5924,6457
2010-06-08,584,5213,5797
2010-06-09,353,4681,5034
2010-06-10,610,5073,5683
2010-06-11,574,4370,4944
2010-06-12,1005,1990,2995
2010-06-13,873,1770,2643
2010-06-14,535,5921,6456
2010-06-15,627,5798,6425
2010-06-16,534,5485,6019
2010-06-17,514,5122,5636
2010-06-18,669,4480,5149
2010-06-19,970,2252,3222
2010-06-20,904,2040,2944
2010-06-21,576,6167,6743
2010-06-22,453,5959,6412
2010-06-23,367,5831,6198
2010-06-24,396,5955,6351
2010-06-25,534,5355,5889
2010-06-26,809,2503,3312
2010-06-27,630,2520,3150
2010-06-28,340,6856,7196
2010-06-29,312,6208,6520
2010-06-30,449,5297,5746
2010-07-01,564,4932,5496
2010-07-02,594,4326,4920
2010-07-03,832,2110,2942
2010-07-04,697,1557,2254
2010-07-05,572,3287,3859
2010-07-06,292,7152,7444
2010-07-07,265,7695,7960
2010-07-08,339,6671,7010
2010-07-09,461,5312,5773
2010-07-10,761,2575,3336
2010-07-11,684,2248,2932
2010-07-12,443,6124,6567
2010-07-13,361,6264,6625
2010-07-14,385,5389,5774
2010-07-15,424,5616,6040
2010-07-16,439,5240,5679
2010-07-17,758,2930,3688
2010-07-18,608,2441,3049
2010-07-19,368,6217,6585
2010-07-20,398,6159,6557
2010-07-21,353,6073,6426
2010-07-22,372,5345,5717
2010-07-23,383,4900,5283
2010-07-24,672,3016,3688
2010-07-25,603,2708,3311
2010-07-26,392,6132,6524
2010-07-27,486,5763,6249
2010-07-28,469,5973,6442
2010-07-29,378,5072,5450
2010-07-30,518,4561,5079
2010-07-31,773,2096,2869
2010-08-01,699,1832,2531
2010-08-02,533,5995,6528
2010-08-03,538,5724,6262
2010-08-04,453,5720,6173
2010-08-05,378,5671,6049
2010-08-06,489,4914,5403
2010-08-07,911,2232,3143
2010-08-08,777,1823,2600
2010-08-09,456,5665,6121
2010-08-10,386,5821,6207
2010-08-11,409,5412,5821
2010-08-12,385,5031,5416
2010-08-13,616,4676,5292
2010-08-14,1044,1989,3033
2010-08-15,764,1732,2496
2010-08-16,451,5370,5821
2010-08-17,438,5565,6003
2010-08-18,404,5118,5522
2010-08-19,504,5160,5664
2010-08-20,515,4576,5091
2010-08-21,991,2175,3166
2010-08-22,647,2002,2649
2010-08-23,433,5958,6391
2010-08-24,549,5362,5911
2010-08-25,492,5328,5820
2010-08-26,610,4917,5527
2010-08-27,711,4730,5441
2010-08-28,1118,2151,3269
2010-08-29,939,1978,2917
2010-08-30,468,5615,6083
2010-08-31,292,5229,5521
2010-09-01,441,5710,6151
2010-09-02,402,5251,5653
2010-09-03,475,5062,5537
2010-09-04,1020,2238,3258
2010-09-05,1147,1547,2694
2010-09-06,1018,1819,2837
2010-09-07,466,5748,6214
2010-09-08,392,5430,5822
2010-09-09,530,4927,5457
2010-09-10,700,4625,5325
2010-09-11,1047,1903,2950
2010-09-12,878,1787,2665
2010-09-13,449,5646,6095
2010-09-14,564,5399,5963
2010-09-15,524,5298,5822
2010-09-16,360,6891,7251
2010-09-17,548,7986,8534
2010-09-18,1094,3261,4355
2010-09-19,952,2458,3410
2010-09-20,534,6182,6716
2010-09-21,533,5854,6387
2010-09-22,486,5571,6057
2010-09-23,592,5346,5938
2010-09-24,652,5165,5817
2010-09-25,896,2603,3499
2010-09-26,1027,2218,3245
2010-09-27,443,5948,6391
2010-09-28,452,5967,6419
2010-09-29,557,5629,6186
2010-09-30,446,6125,6571
2010-10-01,532,6540,7072
2010-10-02,987,2656,3643
2010-10-03,849,2337,3186
2010-10-04,421,6514,6935
2010-10-05,470,5777,6247
2010-10-06,464,5731,6195
2010-10-07,513,5500,6013
2010-10-08,687,5045,5732
2010-10-09,928,2253,3181
2010-10-10,1033,1965,2998
2010-10-11,606,3265,3871
2010-10-12,484,6189,6673
2010-10-13,552,5771,6323
2010-10-14,476,5826,6302
2010-10-15,489,5889,6378
2010-10-16,795,3913,4708
2010-10-17,827,2603,3430
2010-10-18,428,6556,6984
2010-10-19,506,6678,7184
2010-10-20,466,6698,7164
2010-10-21,441,6458,6899
2010-10-22,502,6408,6910
2010-10-23,876,3564,4440
2010-10-24,823,2129,2952
2010-10-25,551,5506,6057
2010-10-26,574,5393,5967
2010-10-27,457,5086,5543
2010-10-28,539,4889,5428
2010-10-29,547,5011,5558
2010-10-30,795,3387,4182
2010-10-31,673,3195,3868
2010-11-01,377,7162,7539
2010-11-02,497,6850,7347
2010-11-03,467,6660,7127
2010-11-04,397,6785,7182
2010-11-05,491,6727,7218
2010-11-06,727,3969,4696
2010-11-07,692,3612,4304
2010-11-08,341,8200,8541
2010-11-09,444,7955,8399
2010-11-10,403,7662,8065
2010-11-11,451,4625,5076
2010-11-12,574,5387,5961
2010-11-13,925,2792,3717
2010-11-14,795,2261,3056
2010-11-15,484,5839,6323
2010-11-16,442,5799,6241
2010-11-17,383,6191,6574
2010-11-18,451,5934,6385
2010-11-19,494,5862,6356
2010-11-20,703,3242,3945
2010-11-21,667,3054,3721
2010-11-22,450,5370,5820
2010-11-23,466,4830,5296
2010-11-24,446,5252,5698
2010-11-25,592,2047,2639
2010-11-26,547,3618,4165
2010-11-27,580,3897,4477
2010-11-28,597,3022,3619
2010-11-29,422,6588,7010
2010-11-30,411,6166,6577
2010-12-01,319,7166,7485
2010-12-02,363,6608,6971
2010-12-03,468,6160,6628
2010-12-04,591,4019,4610
2010-12-05,593,3704,4297
2010-12-06,375,8301,8676
2010-12-07,334,8076,8410
2010-12-08,333,7415,7748
2010-12-09,339,7264,7603
2010-12-10,473,6377,6850
2010-12-11,647,3400,4047
2010-12-12,618,2604,3222
2010-12-13,401,6901,7302
2010-12-14,371,8283,8654
2010-12-15,326,8192,8518
2010-12-16,382,7395,7777
2010-12-17,433,6233,6666
2010-12-18,610,3458,4068
2010-12-19,605,2792,3397
2010-12-20,384,6396,6780
2010-12-21,356,6513,6869
2010-12-22,378,5796,6174
2010-12-23,367,5216,5583
2010-12-24,557,2569,3126
2010-12-25,643,1853,2496
2010-12-26,305,2695,3000
2010-12-27,80,3050,3130
2010-12-28,124,4962,5086
2010-12-29,244,5816,6060
2010-12-30,329,5312,5641
2010-12-31,457,3706,4163
2011-01-01,557,2358,2915
2011-01-02,496,2584,3080
2011-01-03,397,6633,7030
2011-01-04,332,6182,6514
2011-01-05,373,6197,6570
2011-01-06,387,5812,6199
2011-01-07,407,4868,5275
2011-01-08,582,3395,3977
2011-01-09,535,2901,3436
2011-01-10,341,6905,7246
2011-01-11,304,5999,6303
2011-01-12,337,5586,5923
2011-01-13,347,6586,6933
2011-01-14,410,6194,6604
2011-01-15,534,3295,3829
2011-01-16,618,2516,3134
2011-01-17,464,4281,4745
2011-01-18,358,6956,7314
2011-01-19,372,6419,6791
2011-01-20,401,5891,6292
2011-01-21,430,5339,5769
2011-01-22,599,4565,5164
2011-01-23,496,3904,4400
2011-01-24,351,8833,9184
2011-01-25,399,7642,8041
2011-01-26,334,5698,6032
2011-01-27,319,4376,4695
2011-01-28,457,6086,6543
2011-01-29,591,3699,4290
2011-01-30,490,3142,3632
2011-01-31,400,6595,6995
2011-02-01,366,5962,6328
2011-02-02,308,6515,6823
2011-02-03,336,7016,7352
2011-02-04,424,6169,6593
2011-02-05,619,3230,3849
2011-02-06,527,2838,3365
2011-02-07,369,6384,6753
2011-02-08,269,7501,7770
2011-02-09,320,7731,8051
2011-02-10,396,6730,7126
2011-02-11,424,5687,6111
2011-02-12,580,3359,3939
2011-02-13,572,2543,3115
2011-02-14,406,5981,6387
2011-02-15,384,6825,7209
2011-02-16,419,6381,6800
2011-02-17,454,6061,6515
2011-02-18,551,5752,6303
2011-02-19,532,3844,4376
2011-02-20,602,3250,3852
2011-02-21,469,3622,4091
2011-02-22,417,6665,7082
2011-02-23,411,6339,6750
2011-02-24,427,5347,5774
2011-02-25,467,5800,6267
2011-02-26,703,2905,3608
2011-02-27,682,2460,3142
2011-02-28,378,5970,6348
2011-03-01,400,6384,6784
2011-03-02,363,6438,6801
2011-03-03,425,6624,7049
2011-03-04,502,5437,5939
2011-03-05,702,2953,3655
2011-03-06,530,2691,3221
2011-03-07,386,6578,6964
2011-03-08,430,6343,6773
2011-03-09,374,6423,6797
2011-03-10,332,6315,6647
2011-03-11,473,6206,6679
2011-03-12,711,2879,3590
2011-03-13,586,2290,2876
2011-03-14,474,5993,6467
2011-03-15,437,6497,6934
2011-03-16,426,5767,6193
2011-03-17,559,5332,5891
2011-03-18,655,4815,5470
2011-03-19,704,2890,3594
2011-03-20,632,2400,3032
2011-03-21,375,5915,6290
2011-03-22,364,6177,6541
2011-03-23,356,5755,6111
2011-03-24,345,5670,6015
2011-03-25,461,5168,5629
2011-03-26,658,3149,3807
2011-03-27,577,2905,3482
2011-03-28,384,6184,6568
2011-03-29,381,5738,6119
2011-03-30,436,5648,6084
2011-03-31,365,5049,5414
2011-04-01,486,5281,5767
2011-04-02,665,2639,3304
2011-04-03,596,2236,2832
2011-04-04,437,5191,5628
2011-04-05,414,4988,5402
2011-04-06,434,5164,5598
2011-04-07,475,5895,6370
2011-04-08,492,5094,5586
2011-04-09,721,2368,3089
2011-04-10,615,2055,2670
2011-04-11,508,5261,5769
2011-04-12,362,5320,5682
2011-04-13,378,5494,5872
2011-04-14,511,5166,5677
2011-04-15,545,4805,5350
2011-04-16,538,3167,3705
2011-04-17,575,2245,2820
2011-04-18,519,5286,5805
2011-04-19,490,5543,6033
2011-04-20,514,5315,5829
2011-04-21,540,4963,5503
2011-04-22,539,4147,4686
2011-04-23,643,2648,3291
2011-04-24,714,1501,2215
2011-04-25,580,5489,6069
2011-04-26,617,4984,5601
2011-04-27,547,5422,5969
2011-04-28,494,5320,5814
2011-04-29,623,4448,5071
2011-04-30,852,2293,3145
2011-05-01,693,1901,2594
2011-05-02,531,5087,5618
2011-05-03,518,5427,5945
2011-05-04,463,5277,5740
2011-05-05,557,5097,5654
2011-05-06,546,4523,5069
2011-05-07,870,2062,2932
2011-05-08,772,1556,2328
2011-05-09,564,4987,5551
2011-05-10,541,5108,5649
2011-05-11,560,5390,5950
2011-05-12,527,5025,5552
2011-05-13,648,4550,5198
2011-05-14,880,2051,2931
2011-05-15,684,1723,2407
2011-05-16,509,5009,5518
2011-05-17,453,5819,6272
2011-05-18,430,5573,6003
2011-05-19,391,5385,5776
2011-05-20,840,4666,5506
2011-05-21,1109,2326,3435
2011-05-22,773,1662,2435
2011-05-23,515,4937,5452
2011-05-24,651,5372,6023
2011-05-25,623,4887,5510
2011-05-26,686,4913,5599
2011-05-27,726,4551,5277
2011-05-28,974,2036,3010
2011-05-29,886,1398,2284
2011-05-30,933,2294,3227
2011-05-31,497,6260,6757
2011-06-01,440,5239,5679
2011-06-02,478,5363,5841
2011-06-03,598,4750,5348
2011-06-04,984,2198,3182
2011-06-05,834,1621,2455
2011-06-06,574,5260,5834
2011-06-07,526,5510,6036
2011-06-08,426,5921,6347
2011-06-09,302,6037,6339
2011-06-10,446,5224,5670
2011-06-11,741,2389,3130
2011-06-12,774,1727,2501
2011-06-13,531,5300,5831
2011-06-14,487,5353,5840
2011-06-15,552,5138,5690
2011-06-16,616,5006,5622
2011-06-17,513,4820,5333
2011-06-18,1023,2435,3458
2011-06-19,1018,1706,2724
2011-06-20,542,5463,6005
2011-06-21,681,5533,6214
2011-06-22,415,5279,5694
2011-06-23,440,5240,5680
2011-06-24,620,4488,5108
2011-06-25,994,2341,3335
2011-06-26,798,1666,2464
2011-06-27,564,5484,6048
2011-06-28,527,5824,6351
2011-06-29,417,5327,5744
2011-06-30,529,5092,5621
2011-07-01,605,4388,4993
2011-07-02,912,1994,2906
2011-07-03,795,1287,2082
2011-07-04,963,1777,2740
2011-07-05,551,5695,6246
2011-07-06,310,5920,6230
2011-07-07,513,5557,6070
2011-07-08,410,4875,5285
2011-07-09,815,2230,3045
2011-07-10,859,1926,2785
2011-07-11,425,5730,6155
2011-07-12,398,6141,6539
2011-07-13,444,5580,6024
2011-07-14,552,5534,6086
2011-07-15,630,4796,5426
2011-07-16,1019,2075,3094
2011-07-17,851,1761,2612
2011-07-18,382,5552,5934
2011-07-19,396,5927,6323
2011-07-20,393,5920,6313
2011-07-21,335,6079,6414
2011-07-22,324,6683,7007
2011-07-23,496,3882,4378
2011-07-24,564,2795,3359
2011-07-25,412,5503,5915
2011-07-26,412,5473,5885
2011-07-27,413,5223,5636
2011-07-28,478,5146,5624
2011-07-29,483,5072,5555
2011-07-30,750,2552,3302
2011-07-31,769,2010,2779
2011-08-01,386,5476,5862
2011-08-02,434,5716,6150
2011-08-03,454,4546,5000
2011-08-04,502,4993,5495
2011-08-05,673,4596,5269
2011-08-06,979,2102,3081
2011-08-07,781,1787,2568
2011-08-08,455,5112,5567
2011-08-09,378,5510,5888
2011-08-10,475,5080,5555
2011-08-11,567,5082,5649
2011-08-12,774,4538,5312
2011-08-13,1096,2172,3268
2011-08-14,614,2850,3464
2011-08-15,454,6645,7099
2011-08-16,564,6303,6867
2011-08-17,613,5366,5979
2011-08-18,559,5165,5724
2011-08-19,589,5023,5612
2011-08-20,990,2361,3351
2011-08-21,839,1928,2767
2011-08-22,513,5683,6196
2011-08-23,415,5048,5463
2011-08-24,576,5405,5981
2011-08-25,349,5462,5811
2011-08-26,184,2951,3135
2011-08-27,227,1412,1639
2011-08-28,110,5546,5656
2011-08-29,387,8763,9150
2011-08-30,601,7862,8463
2011-08-31,534,5913,6447
2011-09-01,717,5453,6170
2011-09-02,791,4875,5666
2011-09-03,1170,2359,3529
2011-09-04,1258,1670,2928
2011-09-05,1152,2365,3517
2011-09-06,340,6369,6709
2011-09-07,347,5962,6309
2011-09-08,430,6749,7179
2011-09-09,607,5762,6369
2011-09-10,1057,2187,3244
2011-09-11,904,2096,3000
2011-09-12,540,5908,6448
2011-09-13,485,6006,6491
2011-09-14,435,5906,6341
2011-09-15,437,5812,6249
2011-09-16,661,5474,6135
2011-09-17,1185,2687,3872
2011-09-18,1083,1836,2919
2011-09-19,520,5232,5752
2011-09-20,510,5714,6224
2011-09-21,492,5577,6069
2011-09-22,505,5537,6042
2011-09-23,674,5925,6599
2011-09-24,938,1711,2649
2011-09-25,958,2141,3099
2011-09-26,464,6087,6551
2011-09-27,480,6072,6552
2011-09-28,448,5399,5847
2011-09-29,531,5439,5970
2011-09-30,614,4426,5040
2011-10-01,793,2279,3072
2011-10-02,820,1750,2570
2011-10-03,444,5739,6183
2011-10-04,456,5738,6194
2011-10-05,508,5318,5826
2011-10-06,540,5385,5925
2011-10-07,688,4877,5565
2011-10-08,1033,2318,3351
2011-10-09,1012,1618,2630
2011-10-10,693,3028,3721
2011-10-11,537,5243,5780
2011-10-12,462,4921,5383
2011-10-13,375,4985,5360
2011-10-14,528,5235,5763
2011-10-15,873,2427,3300
2011-10-16,856,1888,2744
2011-10-17,435,5507,5942
2011-10-18,632,5661,6293
2011-10-19,441,5673,6114
2011-10-20,536,4994,5530
2011-10-21,585,5743,6328
2011-10-22,908,3215,4123
2011-10-23,864,2631,3495
2011-10-24,447,6369,6816
2011-10-25,443,6484,6927
2011-10-26,520,6211,6731
2011-10-27,443,6844,7287
2011-10-28,537,7954,8491
2011-10-29,604,5996,6600
2011-10-30,566,5038,5604
2011-10-31,542,8079,8621
2011-11-01,480,7810,8290
2011-11-02,463,6823,7286
2011-11-03,443,6010,6453
2011-11-04,509,6171,6680
2011-11-05,704,3610,4314
2011-11-06,748,2742,3490
2011-11-07,391,5585,5976
2011-11-08,517,4554,5071
2011-11-09,526,5081,5607
2011-11-10,467,4883,5350
2011-11-11,497,4624,5121
2011-11-12,771,3390,4161
2011-11-13,817,2462,3279
2011-11-14,483,5801,6284
2011-11-15,550,5089,5639
2011-11-16,503,5431,5934
2011-11-17,423,6204,6627
2011-11-18,521,6391,6912
2011-11-19,801,3454,4255
2011-11-20,820,2252,3072
2011-11-21,411,6300,6711
2011-11-22,352,6096,6448
2011-11-23,376,5197,5573
2011-11-24,674,2158,2832
2011-11-25,690,3509,4199
2011-11-26,784,2374,3158
2011-11-27,718,2093,2811
2011-11-28,452,5358,5810
2011-11-29,428,5093,5521
2011-11-30,407,6303,6710
2011-12-01,478,6462,6940
2011-12-02,478,5706,6184
2011-12-03,791,3386,4177
2011-12-04,775,2264,3039
2011-12-05,510,5688,6198
2011-12-06,404,5582,5986
2011-12-07,467,5587,6054
2011-12-08,394,6999,7393
2011-12-09,541,5745,6286
2011-12-10,848,3220,4068
2011-12-11,792,3316,4108
2011-12-12,472,6652,7124
2011-12-13,289,6276,6565
2011-12-14,391,5387,5778
2011-12-15,462,5271,5733
2011-12-16,567,4899,5466
2011-12-17,768,3054,3822
2011-12-18,668,3564,4232
2011-12-19,381,6448,6829
2011-12-20,444,5362,5806
2011-12-21,394,4762,5156
2011-12-22,465,4489,4954
2011-12-23,463,3781,4244
2011-12-24,627,2378,3005
2011-12-25,730,1559,2289
2011-12-26,429,2966,3395
2011-12-27,356,5322,5678
2011-12-28,405,5944,6349
2011-12-29,503,6456,6959
2011-12-30,577,4006,4583
2011-12-31,703,1843,2546
2012-01-01,801,1625,2426
2012-01-02,452,3270,3722
2012-01-03,356,7518,7874
2012-01-04,324,9539,9863
2012-01-05,343,6790,7133
2012-01-06,456,5464,5920
2012-01-07,766,2342,3108
2012-01-08,667,2293,2960
2012-01-09,425,6038,6463
2012-01-10,407,5584,5991
2012-01-11,403,5207,5610
2012-01-12,420,5157,5577
2012-01-13,471,5468,5939
2012-01-14,714,3720,4434
2012-01-15,692,3753,4445
2012-01-16,433,5335,5768
2012-01-17,380,6040,6420
2012-01-18,395,6083,6478
2012-01-19,397,6388,6785
2012-01-20,515,5453,5968
2012-01-21,698,3585,4283
2012-01-22,699,3340,4039
2012-01-23,419,5793,6212
2012-01-24,464,5223,5687
2012-01-25,483,5102,5585
2012-01-26,301,5151,5452
2012-01-27,615,4706,5321
2012-01-28,788,2677,3465
2012-01-29,698,2461,3159
2012-01-30,359,5634,5993
2012-01-31,406,5396,5802
2012-02-01,417,5211,5628
2012-02-02,407,5684,6091
2012-02-03,539,5028,5567
2012-02-04,740,2560,3300
2012-02-05,772,2149,2921
2012-02-06,373,5210,5583
2012-02-07,372,5301,5673
2012-02-08,441,5674,6115
2012-02-09,376,5043,5419
2012-02-10,450,4503,4953
2012-02-11,787,2588,3375
2012-02-12,657,3013,3670
2012-02-13,354,5848,6202
2012-02-14,424,4690,5114
2012-02-15,428,4919,5347
2012-02-16,414,4751,5165
2012-02-17,508,4377,4885
2012-02-18,805,2042,2847
2012-02-19,797,1999,2796
2012-02-20,512,2951,3463
2012-02-21,479,5197,5676
2012-02-22,486,4617,5103
2012-02-23,502,4540,5042
2012-02-24,469,4464,4933
2012-02-25,678,2725,3403
2012-02-26,720,2508,3228
2012-02-27,393,4926,5319
2012-02-28,443,4767,5210
2012-02-29,378,4884,5262
2012-03-01,407,4934,5341
2012-03-02,502,4424,4926
2012-03-03,720,2169,2889
2012-03-04,773,2202,2975
2012-03-05,415,5735,6150
2012-03-06,447,5519,5966
2012-03-07,461,4950,5411
2012-03-08,589,4626,5215
2012-03-09,558,4489,5047
2012-03-10,771,2495,3266
2012-03-11,787,1965,2752
2012-03-12,555,4729,5284
2012-03-13,567,4832,5399
2012-03-14,653,5009,5662
2012-03-15,514,4839,5353
2012-03-16,554,4262,4816
2012-03-17,876,2203,3079
2012-03-18,881,1949,2830
2012-03-19,569,4698,5267
2012-03-20,480,4720,5200
2012-03-21,687,5005,5692
2012-03-22,661,4546,5207
2012-03-23,709,4182,4891
2012-03-24,975,1998,2973
2012-03-25,828,2146,2974
2012-03-26,427,5726,6153
2012-03-27,412,5610,6022
2012-03-28,518,4624,5142
2012-03-29,498,4889,5387
2012-03-30,536,4176,4712
2012-03-31,785,2529,3314
2012-04-01,856,2102,2958
2012-04-02,386,4910,5296
2012-04-03,533,4710,5243
2012-04-04,491,4354,4845
2012-04-05,347,4362,4709
2012-04-06,580,3477,4057
2012-04-07,812,2030,2842
2012-04-08,863,1482,2345
2012-04-09,488,4882,5370
2012-04-10,504,4482,4986
2012-04-11,506,4379,4885
2012-04-12,511,4196,4707
2012-04-13,708,3735,4443
2012-04-14,1026,1866,2892
2012-04-15,1188,1615,2803
2012-04-16,790,4950,5740
2012-04-17,633,4484,5117
2012-04-18,476,4644,5120
2012-04-19,550,4433,4983
2012-04-20,686,3971,4657
2012-04-21,1013,1919,2932
2012-04-22,697,1994,2691
2012-04-23,367,5432,5799
2012-04-24,477,5302,5779
2012-04-25,516,4963,5479
2012-04-26,510,4723,5233
2012-04-27,494,4541,5035
2012-04-28,893,2520,3413
2012-04-29,927,1537,2464
2012-04-30,438,4849,5287
2012-05-01,524,4759,5283
2012-05-02,442,4593,5035
2012-05-03,478,4435,4913
2012-05-04,660,4359,5019
2012-05-05,1015,1597,2612
2012-05-06,1040,1639,2679
2012-05-07,558,4705,5263
2012-05-08,462,4539,5001
2012-05-09,494,4782,5276
2012-05-10,528,4398,4926
2012-05-11,689,4003,4692
2012-05-12,1064,1844,2908
2012-05-13,1331,1366,2697
2012-05-14,597,4687,5284
2012-05-15,476,4305,4781
2012-05-16,597,4971,5568
2012-05-17,531,4464,4995
2012-05-18,937,4122,5059
2012-05-19,1129,1967,3096
2012-05-20,1187,1687,2874
2012-05-21,458,5143,5601
2012-05-22,470,5107,5577
2012-05-23,634,5026,5660
2012-05-24,513,4658,5171
2012-05-25,785,4111,4896
2012-05-26,1108,1833,2941
2012-05-27,1343,1508,2851
2012-05-28,1421,2191,3612
2012-05-29,500,5892,6392
2012-05-30,428,5604,6032
2012-05-31,567,5217,5784
2012-06-01,531,4688,5219
2012-06-02,952,2234,3186
2012-06-03,1014,1722,2736
2012-06-04,463,4993,5456
2012-06-05,497,4871,5368
2012-06-06,642,4671,5313
2012-06-07,666,4330,4996
2012-06-08,737,4258,4995
2012-06-09,1246,2144,3390
2012-06-10,1126,1670,2796
2012-06-11,592,5060,5652
2012-06-12,413,4583,4996
2012-06-13,487,5458,5945
2012-06-14,645,4841,5486
2012-06-15,755,4419,5174
2012-06-16,1489,1921,3410
2012-06-17,1469,1704,3173
2012-06-18,666,5376,6042
2012-06-19,561,5265,5826
2012-06-20,457,5447,5904
2012-06-21,475,6377,6852
2012-06-22,393,5581,5974
2012-06-23,1052,2918,3970
2012-06-24,1038,2164,3202
2012-06-25,392,5552,5944
2012-06-26,489,5132,5621
2012-06-27,401,5072,5473
2012-06-28,663,5208,5871
2012-06-29,516,5138,5654
2012-06-30,957,3337,4294
2012-07-01,883,2738,3621
2012-07-02,431,6089,6520
2012-07-03,541,5317,5858
2012-07-04,926,2239,3165
2012-07-05,516,5763,6279
2012-07-06,437,5213,5650
2012-07-07,868,3191,4059
2012-07-08,758,2684,3442
2012-07-09,431,5723,6154
2012-07-10,393,5511,5904
2012-07-11,500,5282,5782
2012-07-12,464,5077,5541
2012-07-13,542,4600,5142
2012-07-14,937,2304,3241
2012-07-15,847,2004,2851
2012-07-16,339,5396,5735
2012-07-17,385,5370,5755
2012-07-18,279,5705,5984
2012-07-19,432,5241,5673
2012-07-20,497,4111,4608
2012-07-21,1274,1964,3238
2012-07-22,1282,1741,3023
2012-07-23,389,4817,5206
2012-07-24,439,5171,5610
2012-07-25,489,4862,5351
2012-07-26,385,5196,5581
2012-07-27,442,4880,5322
2012-07-28,925,2341,3266
2012-07-29,1108,1898,3006
2012-07-30,515,5214,5729
2012-07-31,497,4881,5378
2012-08-01,450,4844,5294
2012-08-02,428,5051,5479
2012-08-03,548,4612,5160
2012-08-04,872,2175,3047
2012-08-05,774,2100,2874
2012-08-06,412,5401,5813
2012-08-07,501,5264,5765
2012-08-08,451,4996,5447
2012-08-09,431,4597,5028
2012-08-10,452,4652,5104
2012-08-11,977,2084,3061
2012-08-12,1212,1772,2984
2012-08-13,469,5226,5695
2012-08-14,479,5139,5618
2012-08-15,398,5507,5905
2012-08-16,311,4950,5261
2012-08-17,674,4357,5031
2012-08-18,1238,2133,3371
2012-08-19,1347,1834,3181
2012-08-20,554,4842,5396
2012-08-21,612,4947,5559
2012-08-22,523,4621,5144
2012-08-23,574,4427,5001
2012-08-24,724,4291,5015
2012-08-25,1439,2154,3593
2012-08-26,1326,1702,3028
2012-08-27,487,4785,5272
2012-08-28,443,4676,5119
2012-08-29,518,4861,5379
2012-08-30,629,4631,5260
2012-08-31,690,3542,4232
2012-09-01,1209,1951,3160
2012-09-02,1409,1649,3058
2012-09-03,1035,1998,3033
2012-09-04,407,4932,5339
2012-09-05,346,4840,5186
2012-09-06,424,4969,5393
2012-09-07,541,4293,4834
2012-09-08,937,3039,3976
2012-09-09,1063,2048,3111
2012-09-10,513,5561,6074
2012-09-11,525,5088,5613
2012-09-12,641,4697,5338
2012-09-13,588,4677,5265
2012-09-14,772,4032,4804
2012-09-15,1448,2054,3502
2012-09-16,1383,1740,3123
2012-09-17,594,4573,5167
2012-09-18,392,5499,5891
2012-09-19,476,5200,5676
2012-09-20,472,4531,5003
2012-09-21,814,4427,5241
2012-09-22,1252,2087,3339
2012-09-23,1209,1804,3013
2012-09-24,552,4831,5383
2012-09-25,537,4967,5504
2012-09-26,570,4322,4892
2012-09-27,606,4836,5442
2012-09-28,686,4848,5534
2012-09-29,1377,1937,3314
2012-09-30,1242,1757,2999
2012-10-01,561,4573,5134
2012-10-02,451,4658,5109
2012-10-03,567,4968,5535
2012-10-04,545,4813,5358
2012-10-05,728,4192,4920
2012-10-06,1075,2076,3151
2012-10-07,939,1819,2758
2012-10-08,590,3606,4196
2012-10-09,405,5170,5575
2012-10-10,552,4917,5469
2012-10-11,487,5572,6059
2012-10-12,548,5817,6365
2012-10-13,979,3682,4661
2012-10-14,909,2072,2981
2012-10-15,449,5323,5772
2012-10-16,423,5217,5640
2012-10-17,544,5311,5855
2012-10-18,489,4699,5188
2012-10-19,632,3918,4550
2012-10-20,1135,2165,3300
2012-10-21,973,1979,2952
2012-10-22,523,4800,5323
2012-10-23,504,4771,5275
2012-10-24,487,4821,5308
2012-10-25,611,4417,5028
2012-10-26,803,4139,4942
2012-10-27,1359,2266,3625
2012-10-28,877,1292,2169
2012-10-29,169,5951,6120
2012-10-30,89,6032,6121
2012-10-31,155,6900,7055
2012-11-01,260,5939,6199
2012-11-02,314,6931,7245
2012-11-03,512,4728,5240
2012-11-04,499,3686,4185
2012-11-05,226,6930,7156
2012-11-06,294,6411,6705
2012-11-07,263,8262,8525
2012-11-08,279,9130,9409
2012-11-09,419,6007,6426
2012-11-10,741,3375,4116
2012-11-11,675,2583,3258
2012-11-12,462,4217,4679
2012-11-13,344,5721,6065
2012-11-14,403,5881,6284
2012-11-15,395,5927,6322
2012-11-16,444,5292,5736
2012-11-17,776,3084,3860
2012-11-18,780,3019,3799
2012-11-19,396,6356,6752
2012-11-20,383,5553,5936
2012-11-21,417,4127,4544
2012-11-22,643,1866,2509
2012-11-23,680,3324,4004
2012-11-24,684,3389,4073
2012-11-25,626,3367,3993
2012-11-26,363,6286,6649
2012-11-27,366,6234,6600
2012-11-28,407,6016,6423
2012-11-29,424,5942,6366
2012-11-30,514,5129,5643
2012-12-01,796,3718,4514
2012-12-02,828,2230,3058
2012-12-03,400,5309,5709
2012-12-04,407,5099,5506
2012-12-05,430,5541,5971
2012-12-06,425,5911,6336
2012-12-07,551,5085,5636
2012-12-08,907,2588,3495
2012-12-09,827,2453,3280
2012-12-10,421,5346,5767
2012-12-11,416,5344,5760
2012-12-12,518,5493,6011
2012-12-13,450,5325,5775
2012-12-14,589,4657,5246
2012-12-15,883,2776,3659
2012-12-16,816,2474,3290
2012-12-17,374,5523,5897
2012-12-18,390,5119,5509
2012-12-19,422,5387,5809
2012-12-20,456,4953,5409
2012-12-21,464,5400,5864
2012-12-22,664,3632,4296
2012-12-23,748,2547,3295
2012-12-24,691,3244,3935
2012-12-25,612,1752,2364
2012-12-26,368,5965,6333
2012-12-27,386,7086,7472
2012-12-28,532,5415,5947
2012-12-29,660,3186,3846
2012-12-30,729,3323,4052
2012-12-31,548,4458,5006
2013-01-01,682,2649,3331
2013-01-02,392,6777,7169
2013-01-03,433,6309,6742
2013-01-04,463,5622,6085
2013-01-05,760,3264,4024
2013-01-06,763,2573,3336
2013-01-07,412,5693,6105
2013-01-08,405,5917,6322
2013-01-09,470,5371,5841
2013-01-10,444,5271,5715
2013-01-11,514,4756,5270
2013-01-12,937,2476,3413
2013-01-13,889,2151,3040
2013-01-14,455,4963,5418
2013-01-15,381,5453,5834
2013-01-16,407,5192,5599
2013-01-17,448,4717,5165
2013-01-18,548,5424,5972
2013-01-19,837,2910,3747
2013-01-20,777,1755,2532
2013-01-21,575,4487,5062
2013-01-22,404,7744,8148
2013-01-23,408,7914,8322
2013-01-24,411,11321,11732
2013-01-25,557,7628,8185
2013-01-26,712,4765,5477
2013-01-27,819,3826,4645
2013-01-28,467,6514,6981
2013-01-29,424,5927,6351
2013-01-30,431,5603,6034
2013-01-31,440,6704,7144
2013-02-01,502,6313,6815
2013-02-02,863,3763,4626
2013-02-03,874,3024,3898
2013-02-04,440,6163,6603
2013-02-05,407,6146,6553
2013-02-06,448,5692,6140
2013-02-07,408,5625,6033
2013-02-08,501,4835,5336
2013-02-09,672,3011,3683
2013-02-10,767,3312,4079
2013-02-11,435,5969,6404
2013-02-12,447,5562,6009
2013-02-13,477,5494,5971
2013-02-14,531,5043,5574
2013-02-15,609,4609,5218
2013-02-16,822,2669,3491
2013-02-17,784,2890,3674
2013-02-18,507,4833,5340
2013-02-19,423,5906,6329
2013-02-20,388,5504,5892
2013-02-21,464,6763,7227
2013-02-22,543,5543,6086
2013-02-23,911,2836,3747
2013-02-24,897,2567,3464
2013-02-25,468,5716,6184
2013-02-26,413,5376,5789
2013-02-27,418,6268,6686
2013-02-28,511,5158,5669
2013-03-01,528,4665,5193
2013-03-02,787,2726,3513
2013-03-03,799,2561,3360
2013-03-04,383,5632,6015
2013-03-05,389,5673,6062
2013-03-06,435,6131,6566
2013-03-07,441,5491,5932
2013-03-08,540,4597,5137
2013-03-09,879,2652,3531
2013-03-10,950,2157,3107
2013-03-11,509,5558,6067
2013-03-12,453,5538,5991
2013-03-13,535,5250,5785
2013-03-14,409,5677,6086
2013-03-15,694,4741,5435
2013-03-16,915,2661,3576
2013-03-17,931,2396,3327
2013-03-18,466,5991,6457
2013-03-19,418,5992,6410
2013-03-20,487,5382,5869
2013-03-21,498,4997,5495
2013-03-22,577,5093,5670
2013-03-23,903,2771,3674
2013-03-24,943,2188,3131
2013-03-25,485,4964,5449
2013-03-26,502,4992,5494
2013-03-27,566,4936,5502
2013-03-28,593,4349,4942
2013-03-29,722,3716,4438
2013-03-30,936,2202,3138
2013-03-31,910,1824,2734
2013-04-01,525,5051,5576
2013-04-02,478,5389,5867
2013-04-03,467,5533,6000
2013-04-04,517,5058,5575
2013-04-05,586,4658,5244
2013-04-06,956,2467,3423
2013-04-07,916,2193,3109
2013-04-08,547,5134,5681
2013-04-09,679,4861,5540
2013-04-10,594,4911,5505
2013-04-11,507,4773,5280
2013-04-12,579,4950,5529
2013-04-13,1079,2481,3560
2013-04-14,1017,2157,3174
2013-04-15,568,4791,5359
2013-04-16,543,5074,5617
2013-04-17,632,4729,5361
2013-04-18,581,4513,5094
2013-04-19,688,4246,4934
2013-04-20,1022,2284,3306
2013-04-21,1008,2539,3547
2013-04-22,515,5105,5620
2013-04-23,454,5384,5838
2013-04-24,566,4557,5123
2013-04-25,563,4776,5339
2013-04-26,721,4306,5027
2013-04-27,1247,2526,3773
2013-04-28,1275,1992,3267
2013-04-29,523,4874,5397
2013-04-30,552,4703,5255
2013-05-01,599,4668,5267
2013-05-02,676,4116,4792
2013-05-03,726,4579,5305
2013-05-04,1299,2221,3520
2013-05-05,1245,1939,3184
2013-05-06,664,5029,5693
2013-05-07,637,4675,5312
2013-05-08,517,5848,6365
2013-05-09,635,4819,5454
2013-05-10,696,3734,4430
2013-05-11,1368,2410,3778
2013-05-12,1340,2088,3428
2013-05-13,545,5266,5811
2013-05-14,561,4859,5420
2013-05-15,593,4717,5310
2013-05-16,741,4563,5304
2013-05-17,1001,4007,5008
2013-05-18,1535,2374,3909
2013-05-19,1149,1922,3071
2013-05-20,685,5330,6015
2013-05-21,736,4834,5570
2013-05-22,665,4976,5641
2013-05-23,522,4709,5231
2013-05-24,498,3815,4313
2013-05-25,806,2530,3336
2013-05-26,1436,1926,3362
2013-05-27,1578,1987,3565
2013-05-28,632,5069,5701
2013-05-29,616,5328,5944
2013-05-30,763,5007,5770
2013-05-31,745,4724,5469
2013-06-01,1253,2745,3998
2013-06-02,1119,2391,3510
2013-06-03,376,5132,5508
2013-06-04,562,5223,5785
2013-06-05,710,5295,6005
2013-06-06,594,4848,5442
2013-06-07,445,4883,5328
2013-06-08,1348,2980,4328
2013-06-09,1717,2222,3939
2013-06-10,498,5239,5737
2013-06-11,515,5714,6229
2013-06-12,685,5381,6066
2013-06-13,461,5340,5801
2013-06-14,651,4956,5607
2013-06-15,1778,2141,3919
2013-06-16,1948,1776,3724
2013-06-17,637,5295,5932
2013-06-18,464,5539,6003
2013-06-19,677,5035,5712
2013-06-20,714,4884,5598
2013-06-21,984,4424,5408
2013-06-22,1605,2212,3817
2013-06-23,1413,2087,3500
2013-06-24,532,5493,6025
2013-06-25,470,5564,6034
2013-06-26,480,5308,5788
2013-06-27,417,5272,5689
2013-06-28,578,4908,5486
2013-06-29,1228,2332,3560
2013-06-30,1114,1993,3107
2013-07-01,464,5318,5782
2013-07-02,426,5166,5592
2013-07-03,476,5036,5512
2013-07-04,1043,2095,3138
2013-07-05,706,3954,4660
2013-07-06,983,2379,3362
2013-07-07,942,2415,3357
2013-07-08,340,5801,6141
2013-07-09,389,5957,6346
2013-07-10,378,5642,6020
2013-07-11,431,5032,5463
2013-07-12,471,4504,4975
2013-07-13,1061,2170,3231
2013-07-14,1106,2186,3292
2013-07-15,400,5792,6192
2013-07-16,414,5991,6405
2013-07-17,403,6039,6442
2013-07-18,386,5892,6278
2013-07-19,412,5573,5985
2013-07-20,771,3039,3810
2013-07-21,1069,2623,3692
2013-07-22,431,5671,6102
2013-07-23,371,5470,5841
2013-07-24,443,5149,5592
2013-07-25,560,4742,5302
2013-07-26,757,4621,5378
2013-07-27,1418,2028,3446
2013-07-28,1178,1829,3007
2013-07-29,429,5530,5959
2013-07-30,509,4928,5437
2013-07-31,605,4967,5572
2013-08-01,434,4386,4820
2013-08-02,694,4397,5091
2013-08-03,1334,1913,3247
2013-08-04,1401,1803,3204
2013-08-05,649,5270,5919
2013-08-06,593,5325,5918
2013-08-07,620,4587,5207
2013-08-08,520,4400,4920
2013-08-09,505,4165,4670
2013-08-10,1360,1809,3169
2013-08-11,1392,1695,3087
2013-08-12,532,4896,5428
2013-08-13,517,5100,5617
2013-08-14,651,4736,5387
2013-08-15,762,4501,5263
2013-08-16,950,4182,5132
2013-08-17,1646,2033,3679
2013-08-18,1505,1857,3362
2013-08-19,572,4793,5365
2013-08-20,563,4896,5459
2013-08-21,547,4414,4961
2013-08-22,503,4497,5000
2013-08-23,743,4188,4931
2013-08-24,1676,1853,3529
2013-08-25,1620,1627,3247
2013-08-26,524,4583,5107
2013-08-27,518,4547,5065
2013-08-28,484,4749,5233
2013-08-29,574,4585,5159
2013-08-30,760,3725,4485
2013-08-31,1323,1812,3135
2013-09-01,1408,1593,3001
2013-09-02,876,2139,3015
2013-09-03,554,5163,5717
2013-09-04,619,4642,5261
2013-09-05,616,4603,5219
2013-09-06,826,3913,4739
2013-09-07,1564,2057,3621
2013-09-08,1419,1972,3391
2013-09-09,602,4672,5274
2013-09-10,571,4736,5307
2013-09-11,452,4918,5370
2013-09-12,326,5015,5341
2013-09-13,647,4147,4794
2013-09-14,1245,1835,3080
2013-09-15,1385,1838,3223
2013-09-16,522,4773,5295
2013-09-17,536,4419,4955
2013-09-18,613,5110,5723
2013-09-19,356,4508,4864
2013-09-20,752,3599,4351
2013-09-21,1400,2237,3637
2013-09-22,1041,2030,3071
2013-09-23,540,4162,4702
2013-09-24,639,4986,5625
2013-09-25,724,4525,5249
2013-09-26,685,4466,5151
2013-09-27,758,4065,4823
2013-09-28,1508,1958,3466
2013-09-29,1370,1788,3158
2013-09-30,573,4821,5394
2013-10-01,557,5094,5651
2013-10-02,648,5051,5699
2013-10-03,691,4980,5671
2013-10-04,721,4737,5458
2013-10-05,1272,1949,3221
2013-10-06,1111,1724,2835
2013-10-07,489,5272,5761
2013-10-08,565,5367,5932
2013-10-09,641,5111,5752
2013-10-10,582,4731,5313
2013-10-11,701,4105,4806
2013-10-12,1150,1711,2861
2013-10-13,1118,1432,2550
2013-10-14,663,3105,3768
2013-10-15,605,4849,5454
2013-10-16,660,5031,5691
2013-10-17,686,4569,5255
2013-10-18,826,4262,5088
2013-10-19,1266,2094,3360
2013-10-20,1070,1885,2955
2013-10-21,573,5336,5909
2013-10-22,531,5033,5564
2013-10-23,564,6178,6742
2013-10-24,517,6475,6992
2013-10-25,616,6154,6770
2013-10-26,1139,3018,4157
2013-10-27,1135,2260,3395
2013-10-28,483,5322,5805
2013-10-29,450,5951,6401
2013-10-30,557,5173,5730
2013-10-31,656,4490,5146
2013-11-01,756,4341,5097
2013-11-02,1392,2093,3485
2013-11-03,1102,2758,3860
2013-11-04,436,6058,6494
2013-11-05,560,5311,5871
2013-11-06,542,5003,5545
2013-11-07,499,4933,5432
2013-11-08,657,5525,6182
2013-11-09,955,2643,3598
2013-11-10,955,2395,3350
2013-11-11,556,3871,4427
2013-11-12,359,6837,7196
2013-11-13,449,6785,7234
2013-11-14,437,5886,6323
2013-11-15,652,4712,5364
2013-11-16,1104,2828,3932
2013-11-17,1059,1904,2963
2013-11-18,406,5354,5760
2013-11-19,460,6351,6811
2013-11-20,453,5743,6196
2013-11-21,557,5726,6283
2013-11-22,617,3789,4406
2013-11-23,1014,1444,2458
2013-11-24,770,5253,6023
2013-11-25,385,9239,9624
2013-11-26,375,6947,7322
2013-11-27,432,5336,5768
2013-11-28,708,2453,3161
2013-11-29,767,3812,4579
2013-11-30,822,3368,4190
2013-12-01,864,2368,3232
2013-12-02,432,5057,5489
2013-12-03,502,5440,5942
2013-12-04,497,5297,5794
2013-12-05,552,5203,5755
2013-12-06,570,4872,5442
2013-12-07,928,2961,3889
2013-12-08,975,3450,4425
2013-12-09,397,6218,6615
2013-12-10,451,6265,6716
2013-12-11,427,6420,6847
2013-12-12,449,7159,7608
2013-12-13,576,6098,6674
2013-12-14,855,3514,4369
2013-12-15,728,3728,4456
2013-12-16,454,6592,7046
2013-12-17,426,6058,6484
2013-12-18,396,5803,6199
2013-12-19,437,5286,5723
2013-12-20,595,4603,5198
2013-12-21,1007,2302,3309
2013-12-22,978,2241,3219
2013-12-23,529,5195,5724
2013-12-24,659,3866,4525
2013-12-25,872,2299,3171
2013-12-26,453,5536,5989
2013-12-27,482,4883,5365
2013-12-28,743,2561,3304
2013-12-29,619,2726,3345
2013-12-30,540,5514,6054
2013-12-31,585,4846,5431
2014-01-01,961,2861,3822
2014-01-02,335,5906,6241
2014-01-03,453,5901,6354
2014-01-04,619,6753,7372
2014-01-05,755,4800,5555
2014-01-06,385,6701,7086
2014-01-07,381,10986,11367
2014-01-08,402,10596,10998
2014-01-09,394,8250,8644
2014-01-10,487,6236,6723
2014-01-11,926,3444,4370
2014-01-12,1002,3538,4540
2014-01-13,489,5940,6429
2014-01-14,454,6289,6743
2014-01-15,491,6087,6578
2014-01-16,522,5991,6513
2014-01-17,626,5739,6365
2014-01-18,967,3042,4009
2014-01-19,980,3303,4283
2014-01-20,644,3956,4600
2014-01-21,419,6375,6794
2014-01-22,350,8421,8771
2014-01-23,375,9844,10219
2014-01-24,477,8685,9162
2014-01-25,869,5476,6345
2014-01-26,910,4543,5453
2014-01-27,453,7506,7959
2014-01-28,478,8001,8479
2014-01-29,523,7295,7818
2014-01-30,524,7578,8102
2014-01-31,615,5313,5928
2014-02-01,1065,3514,4579
2014-02-02,1001,2516,3517
2014-02-03,482,5683,6165
2014-02-04,439,6463,6902
2014-02-05,432,6648,7080
2014-02-06,424,8352,8776
2014-02-07,594,7078,7672
2014-02-08,897,4604,5501
2014-02-09,826,3835,4661
2014-02-10,453,6836,7289
2014-02-11,431,7373,7804
2014-02-12,438,6764,7202
2014-02-13,447,5815,6262
2014-02-14,521,6178,6699
2014-02-15,977,3859,4836
2014-02-16,837,4004,4841
2014-02-17,671,6167,6838
2014-02-18,542,6295,6837
2014-02-19,538,6562,7100
2014-02-20,411,6143,6554
2014-02-21,763,6012,6775
2014-02-22,1063,3302,4365
2014-02-23,1031,3324,4355
2014-02-24,471,6878,7349
2014-02-25,478,6902,7380
2014-02-26,433,6795,7228
2014-02-27,464,6721,7185
2014-02-28,664,6931,7595
2014-03-01,1061,3746,4807
2014-03-02,924,3172,4096
2014-03-03,444,6247,6691
2014-03-04,490,6569,7059
2014-03-05,465,6225,6690
2014-03-06,501,6436,6937
2014-03-07,635,5295,5930
2014-03-08,1084,3272,4356
2014-03-09,959,2986,3945
2014-03-10,511,5799,6310
2014-03-11,602,5477,6079
2014-03-12,546,5468,6014
2014-03-13,470,6339,6809
2014-03-14,663,5636,6299
2014-03-15,1163,2959,4122
2014-03-16,1166,3109,4275
2014-03-17,570,5572,6142
2014-03-18,574,5965,6539
2014-03-19,524,5919,6443
2014-03-20,608,5649,6257
2014-03-21,725,5124,5849
2014-03-22,1172,3353,4525
2014-03-23,1100,3060,4160
2014-03-24,567,6553,7120
2014-03-25,493,5510,6003
2014-03-26,533,5579,6112
2014-03-27,594,5333,5927
2014-03-28,782,4464,5246
2014-03-29,1087,2872,3959
2014-03-30,860,3589,4449
2014-03-31,504,5765,6269
2014-04-01,656,5560,6216
2014-04-02,679,5375,6054
2014-04-03,695,5200,5895
2014-04-04,671,5023,5694
2014-04-05,1028,3240,4268
2014-04-06,1157,2645,3802
2014-04-07,514,5325,5839
2014-04-08,611,5599,6210
2014-04-09,616,5141,5757
2014-04-10,654,5111,5765
2014-04-11,857,4796,5653
2014-04-12,1456,2376,3832
2014-04-13,1531,2334,3865
2014-04-14,817,5021,5838
2014-04-15,554,4577,5131
2014-04-16,581,5473,6054
2014-04-17,661,5239,5900
2014-04-18,776,4136,4912
2014-04-19,1297,2225,3522
2014-04-20,1286,1948,3234
2014-04-21,753,4969,5722
2014-04-22,668,4899,5567
2014-04-23,608,5224,5832
2014-04-24,645,5124,5769
2014-04-25,803,4661,5464
2014-04-26,1415,2701,4116
2014-04-27,1322,2421,3743
2014-04-28,718,5348,6066
2014-04-29,513,5414,5927
2014-04-30,383,6916,7299
2014-05-01,705,7125,7830
2014-05-02,1014,4863,5877
2014-05-03,1625,2769,4394
2014-05-04,1433,2356,3789
2014-05-05,739,5850,6589
2014-05-06,731,5633,6364
2014-05-07,672,5178,5850
2014-05-08,686,5438,6124
2014-05-09,898,4747,5645
2014-05-10,1638,2771,4409
2014-05-11,2133,2254,4387
2014-05-12,997,5692,6689
2014-05-13,744,5386,6130
2014-05-14,721,5510,6231
2014-05-15,525,5164,5689
2014-05-16,851,5318,6169
2014-05-17,1836,3177,5013
2014-05-18,1931,2549,4480
2014-05-19,728,5401,6129
2014-05-20,872,5550,6422
2014-05-21,872,5627,6499
2014-05-22,713,5116,5829
2014-05-23,837,4677,5514
2014-05-24,1419,2401,3820
2014-05-25,2516,2021,4537
2014-05-26,2372,2395,4767
2014-05-27,861,6193,7054
2014-05-28,615,5589,6204
2014-05-29,694,5265,5959
2014-05-30,960,5354,6314
2014-05-31,2033,2582,4615
2014-06-01,2152,2425,4577
2014-06-02,938,5417,6355
2014-06-03,746,5490,6236
2014-06-04,860,5494,6354
2014-06-05,750,5178,5928
2014-06-06,1120,4803,5923
2014-06-07,2106,2556,4662
2014-06-08,2108,2351,4459
2014-06-09,740,6046,6786
2014-06-10,847,5982,6829
2014-06-11,792,5470,6262
2014-06-12,732,5310,6042
2014-06-13,770,5665,6435
2014-06-14,2109,2691,4800
2014-06-15,2700,2161,4861
2014-06-16,1036,5995,7031
2014-06-17,741,6125,6866
2014-06-18,641,6410,7051
2014-06-19,669,5867,6536
2014-06-20,1062,5290,6352
2014-06-21,2285,2750,5035
2014-06-22,2101,2396,4497
2014-06-23,811,5729,6540
2014-06-24,836,6305,7141
2014-06-25,661,5709,6370
2014-06-26,730,5878,6608
2014-06-27,1138,5092,6230
2014-06-28,2116,2535,4651
2014-06-29,1945,2473,4418
2014-06-30,849,5661,6510
2014-07-01,720,5901,6621
2014-07-02,471,6264,6735
2014-07-03,471,5925,6396
2014-07-04,1264,2107,3371
2014-07-05,2139,2366,4505
2014-07-06,1936,2305,4241
2014-07-07,640,6176,6816
2014-07-08,515,6414,6929
2014-07-09,533,6966,7499
2014-07-10,691,5881,6572
2014-07-11,937,5084,6021
2014-07-12,1691,2708,4399
2014-07-13,1742,2194,3936
2014-07-14,437,6142,6579
2014-07-15,380,6703,7083
2014-07-16,669,6034,6703
2014-07-17,770,5569,6339
2014-07-18,1045,4923,5968
2014-07-19,2023,2296,4319
2014-07-20,1825,2369,4194
2014-07-21,778,5621,6399
2014-07-22,683,5481,6164
2014-07-23,481,5502,5983
2014-07-24,691,5307,5998
2014-07-25,1020,4683,5703
2014-07-26,1912,2577,4489
2014-07-27,1721,2375,4096
2014-07-28,727,5840,6567
2014-07-29,834,5158,5992
2014-07-30,796,5073,5869
2014-07-31,751,4842,5593
2014-08-01,969,4511,5480
2014-08-02,1810,2351,4161
2014-08-03,1770,2143,3913
2014-08-04,559,4726,5285
2014-08-05,797,5585,6382
2014-08-06,737,5265,6002
2014-08-07,787,5021,5808
2014-08-08,1050,4983,6033
2014-08-09,2016,2317,4333
2014-08-10,1896,2184,4080
2014-08-11,736,5488,6224
2014-08-12,544,5183,5727
2014-08-13,608,5594,6202
2014-08-14,837,4689,5526
2014-08-15,1104,4146,5250
2014-08-16,2331,2279,4610
2014-08-17,1979,1966,3945
2014-08-18,821,5132,5953
2014-08-19,773,5361,6134
2014-08-20,773,5132,5905
2014-08-21,725,4693,5418
2014-08-22,797,4261,5058
2014-08-23,2260,2270,4530
2014-08-24,2085,2117,4202
2014-08-25,788,4976,5764
2014-08-26,689,5220,5909
2014-08-27,647,4788,5435
2014-08-28,779,4977,5756
2014-08-29,1049,4151,5200
2014-08-30,2050,1984,4034
2014-08-31,1897,2007,3904
2014-09-01,1447,2491,3938
2014-09-02,579,5882,6461
2014-09-03,557,5394,5951
2014-09-04,665,5686,6351
2014-09-05,807,5128,5935
2014-09-06,1542,2889,4431
2014-09-07,1541,2382,3923
2014-09-08,698,5557,6255
2014-09-09,635,4937,5572
2014-09-10,691,4999,5690
2014-09-11,698,4966,5664
2014-09-12,1010,4393,5403
2014-09-13,1577,2111,3688
2014-09-14,1750,1759,3509
2014-09-15,808,4777,5585
2014-09-16,735,5128,5863
2014-09-17,812,5380,6192
2014-09-18,876,4984,5860
2014-09-19,1061,4519,5580
2014-09-20,2173,2408,4581
2014-09-21,1854,2200,4054
2014-09-22,672,5324,5996
2014-09-23,674,4963,5637
2014-09-24,821,4892,5713
2014-09-25,743,3924,4667
2014-09-26,1183,4228,5411
2014-09-27,2242,2335,4577
2014-09-28,1783,2099,3882
2014-09-29,752,5598,6350
2014-09-30,569,4930,5499
2014-10-01,801,4961,5762
2014-10-02,819,4761,5580
2014-10-03,1053,4282,5335
2014-10-04,1658,2427,4085
2014-10-05,1564,2501,4065
2014-10-06,701,5472,6173
2014-10-07,751,5198,5949
2014-10-08,773,4957,5730
2014-10-09,743,4648,5391
2014-10-10,1055,4254,5309
2014-10-11,1574,2427,4001
2014-10-12,1683,2347,4030
2014-10-13,897,3159,4056
2014-10-14,820,5011,5831
2014-10-15,716,4975,5691
2014-10-16,773,4950,5723
2014-10-17,1026,4439,5465
2014-10-18,1655,2537,4192
2014-10-19,1326,3305,4631
2014-10-20,657,7220,7877
2014-10-21,735,5442,6177
2014-10-22,566,5491,6057
2014-10-23,612,6607,7219
2014-10-24,935,5414,6349
2014-10-25,1712,2985,4697
2014-10-26,1548,2642,4190
2014-10-27,703,5956,6659
2014-10-28,746,5434,6180
2014-10-29,728,4849,5577
2014-10-30,746,5888,6634
2014-10-31,960,5463,6423
2014-11-01,1352,4265,5617
2014-11-02,1167,5162,6329
2014-11-03,629,7144,7773
2014-11-04,664,4681,5345
2014-11-05,723,5286,6009
2014-11-06,601,5495,6096
2014-11-07,745,5506,6251
2014-11-08,1284,4098,5382
2014-11-09,1279,2920,4199
2014-11-10,729,5844,6573
2014-11-11,839,3933,4772
2014-11-12,689,5123,5812
2014-11-13,643,6465,7108
2014-11-14,796,6281,7077
2014-11-15,1392,4513,5905
2014-11-16,1292,3809,5101
2014-11-17,581,6617,7198
2014-11-18,529,8539,9068
2014-11-19,546,8467,9013
2014-11-20,619,6462,7081
2014-11-21,751,6315,7066
2014-11-22,1330,3523,4853
2014-11-23,1368,2647,4015
2014-11-24,653,5393,6046
2014-11-25,651,4680,5331
2014-11-26,566,4968,5534
2014-11-27,910,2647,3557
2014-11-28,907,4319,5226
2014-11-29,1053,3530,4583
2014-11-30,1107,3054,4161
2014-12-01,602,6272,6874
2014-12-02,595,6357,6952
2014-12-03,645,5577,6222
2014-12-04,679,5914,6593
2014-12-05,733,5297,6030
2014-12-06,1157,3120,4277
2014-12-07,1118,3776,4894
2014-12-08,630,7511,8141
2014-12-09,496,8409,8905
2014-12-10,554,6405,6959
2014-12-11,602,5863,6465
2014-12-12,785,5614,6399
2014-12-13,1304,3461,4765
2014-12-14,1189,2912,4101
2014-12-15,662,5567,6229
2014-12-16,667,5433,6100
2014-12-17,691,5143,5834
2014-12-18,678,5261,5939
2014-12-19,791,4730,5521
2014-12-20,1107,3399,4506
2014-12-21,1199,2937,4136
2014-12-22,632,5587,6219
2014-12-23,575,4391,4966
2014-12-24,889,3324,4213
2014-12-25,1225,1715,2940
2014-12-26,654,3450,4104
2014-12-27,972,2505,3477
2014-12-28,1034,2625,3659
2014-12-29,646,6039,6685
2014-12-30,678,5649,6327
2014-12-31,724,4490,5214
2015-01-01,1245,2933,4178
2015-01-02,669,4669,5338
2015-01-03,1025,3115,4140
2015-01-04,988,2879,3867
2015-01-05,540,6583,7123
2015-01-06,528,7105,7633
2015-01-07,478,8512,8990
2015-01-08,520,10798,11318
2015-01-09,640,7379,8019
2015-01-10,1084,4921,6005
2015-01-11,1106,4212,5318
2015-01-12,541,6050,6591
2015-01-13,539,6414,6953
2015-01-14,496,5605,6101
2015-01-15,520,4915,5435
2015-01-16,744,5092,5836
2015-01-17,1110,3961,5071
2015-01-18,1103,3378,4481
2015-01-19,811,4066,4877
2015-01-20,606,5750,6356
2015-01-21,632,6268,6900
2015-01-22,565,5939,6504
2015-01-23,738,5600,6338
2015-01-24,1165,3524,4689
2015-01-25,1168,2982,4150
2015-01-26,496,5588,6084
2015-01-27,505,4467,4972
2015-01-28,523,7111,7634
2015-01-29,603,6406,7009
2015-01-30,727,5418,6145
2015-01-31,1032,5367,6399
2015-02-01,1225,3666,4891
2015-02-02,517,6665,7182
2015-02-03,499,8895,9394
2015-02-04,526,7770,8296
2015-02-05,500,6893,7393
2015-02-06,622,6903,7525
2015-02-07,1114,3886,5000
2015-02-08,1120,3673,4793
2015-02-09,503,6477,6980
2015-02-10,533,6177,6710
2015-02-11,604,6065,6669
2015-02-12,548,5979,6527
2015-02-13,651,6908,7559
2015-02-14,1053,4270,5323
2015-02-15,911,5261,6172
2015-02-16,736,9698,10434
2015-02-17,612,7865,8477
2015-02-18,609,6932,7541
2015-02-19,567,7333,7900
2015-02-20,768,8670,9438
2015-02-21,1094,5284,6378
2015-02-22,1035,4768,5803
2015-02-23,571,8355,8926
2015-02-24,530,8575,9105
2015-02-25,602,7305,7907
2015-02-26,564,7134,7698
2015-02-27,737,6233,6970
2015-02-28,1144,4393,5537
2015-03-01,1065,3759,4824
2015-03-02,490,6893,7383
2015-03-03,503,7177,7680
2015-03-04,555,7323,7878
2015-03-05,605,6086,6691
2015-03-06,660,6807,7467
2015-03-07,1083,4431,5514
2015-03-08,1014,3918,4932
2015-03-09,704,7059,7763
2015-03-10,623,7595,8218
2015-03-11,753,7468,8221
2015-03-12,699,7527,8226
2015-03-13,780,6363,7143
2015-03-14,1253,4034,5287
2015-03-15,1158,4019,5177
2015-03-16,599,7145,7744
2015-03-17,647,6785,7432
2015-03-18,609,7314,7923
2015-03-19,635,6738,7373
2015-03-20,709,5884,6593
2015-03-21,1238,3718,4956
2015-03-22,1273,3307,4580
2015-03-23,620,6771,7391
2015-03-24,619,6339,6958
2015-03-25,636,5949,6585
2015-03-26,603,6005,6608
2015-03-27,850,6055,6905
2015-03-28,1279,3490,4769
2015-03-29,1266,3249,4515
2015-03-30,696,6377,7073
2015-03-31,694,6412,7106
2015-04-01,730,6071,6801
2015-04-02,815,5645,6460
2015-04-03,975,4627,5602
2015-04-04,1252,3196,4448
2015-04-05,1359,2456,3815
2015-04-06,935,5826,6761
2015-04-07,821,6071,6892
2015-04-08,763,6222,6985
2015-04-09,763,5852,6615
2015-04-10,933,5024,5957
2015-04-11,1555,2974,4529
2015-04-12,1512,2870,4382
2015-04-13,749,5761,6510
2015-04-14,787,5807,6594
2015-04-15,917,5760,6677
2015-04-16,887,5553,6440
2015-04-17,1210,5177,6387
2015-04-18,2212,2971,5183
2015-04-19,1662,2935,4597
2015-04-20,686,6523,7209
2015-04-21,762,6024,6786
2015-04-22,799,5919,6718
2015-04-23,693,6510,7203
2015-04-24,846,5848,6694
2015-04-25,1702,3281,4983
2015-04-26,1673,2878,4551
2015-04-27,785,6066,6851
2015-04-28,977,5754,6731
2015-04-29,1005,5915,6920
2015-04-30,849,5505,6354
2015-05-01,1111,5244,6355
2015-05-02,1694,2829,4523
2015-05-03,2203,2822,5025
2015-05-04,1076,5851,6927
2015-05-05,1073,5894,6967
2015-05-06,1058,5700,6758
2015-05-07,1110,5596,6706
2015-05-08,1416,4761,6177
2015-05-09,2191,2874,5065
2015-05-10,2671,2504,5175
2015-05-11,1042,6148,7190
2015-05-12,964,6151,7115
2015-05-13,760,5533,6293
2015-05-14,1011,5586,6597
2015-05-15,1300,4796,6096
2015-05-16,1874,2677,4551
2015-05-17,1991,2816,4807
2015-05-18,922,5833,6755
2015-05-19,919,5858,6777
2015-05-20,803,5872,6675
2015-05-21,828,5422,6250
2015-05-22,1143,4385,5528
2015-05-23,2002,2641,4643
2015-05-24,2657,2039,4696
2015-05-25,2582,2381,4963
2015-05-26,1022,6268,7290
2015-05-27,789,6108,6897
2015-05-28,939,6132,7071
2015-05-29,1310,5350,6660
2015-05-30,2370,3122,5492
2015-05-31,1559,3576,5135
2015-06-01,633,6900,7533
2015-06-02,672,6052,6724
2015-06-03,860,6097,6957
2015-06-04,978,5470,6448
2015-06-05,1204,4897,6101
2015-06-06,2588,2847,5435
2015-06-07,2440,2795,5235
2015-06-08,917,6076,6993
2015-06-09,876,6035,6911
2015-06-10,1060,5995,7055
2015-06-11,851,6144,6995
2015-06-12,1024,5970,6994
2015-06-13,2100,3436,5536
2015-06-14,1849,3287,5136
2015-06-15,635,7354,7989
2015-06-16,650,7164,7814
2015-06-17,825,6383,7208
2015-06-18,924,5792,6716
2015-06-19,1164,5486,6650
2015-06-20,2103,2993,5096
2015-06-21,2266,2838,5104
2015-06-22,904,6650,7554
2015-06-23,718,6831,7549
2015-06-24,946,6963,7909
2015-06-25,975,6410,7385
2015-06-26,1269,5373,6642
2015-06-27,1634,2904,4538
2015-06-28,1793,3284,5077
2015-06-29,1102,6946,8048
2015-06-30,955,6253,7208
2015-07-01,995,6546,7541
2015-07-02,1017,5233,6250
2015-07-03,1578,3180,4758
2015-07-04,2339,2006,4345
2015-07-05,2289,2298,4587
2015-07-06,817,6026,6843
2015-07-07,650,6298,6948
2015-07-08,700,6238,6938
2015-07-09,659,5821,6480
2015-07-10,1056,5043,6099
2015-07-11,2024,2960,4984
2015-07-12,1966,2970,4936
2015-07-13,801,6511,7312
2015-07-14,698,6343,7041
2015-07-15,749,6491,7240
2015-07-16,1038,5905,6943
2015-07-17,1191,4977,6168
2015-07-18,2041,2938,4979
2015-07-19,1615,3453,5068
2015-07-20,583,7412,7995
2015-07-21,594,6767,7361
2015-07-22,802,5996,6798
2015-07-23,942,5929,6871
2015-07-24,1096,4936,6032
2015-07-25,2203,2857,5060
2015-07-26,1779,2630,4409
2015-07-27,930,6325,7255
2015-07-28,660,5966,6626
2015-07-29,665,6329,6994
2015-07-30,616,6243,6859
2015-07-31,956,5607,6563
2015-08-01,1793,3242,5035
2015-08-02,1641,3191,4832
2015-08-03,705,6212,6917
2015-08-04,764,6279,7043
2015-08-05,774,6362,7136
2015-08-06,860,5691,6551
2015-08-07,1088,5214,6302
2015-08-08,2189,2873,5062
2015-08-09,2016,2673,4689
2015-08-10,824,6131,6955
2015-08-11,587,5643,6230
2015-08-12,772,5669,6441
2015-08-13,901,5466,6367
2015-08-14,1195,4755,5950
2015-08-15,2096,2785,4881
2015-08-16,1753,2793,4546
2015-08-17,661,5879,6540
2015-08-18,719,6335,7054
2015-08-19,666,6210,6876
2015-08-20,792,5409,6201
2015-08-21,1011,5070,6081
2015-08-22,2259,2643,4902
2015-08-23,2045,2647,4692
2015-08-24,755,5727,6482
2015-08-25,804,5848,6652
2015-08-26,836,5440,6276
2015-08-27,961,5323,6284
2015-08-28,1299,4662,5961
2015-08-29,2454,2862,5316
2015-08-30,2038,2417,4455
2015-08-31,706,6100,6806
2015-09-01,680,7076,7756
2015-09-02,750,5803,6553
2015-09-03,663,5424,6087
2015-09-04,1051,5076,6127
2015-09-05,2106,2782,4888
2015-09-06,2599,2477,5076
2015-09-07,2084,2787,4871
2015-09-08,598,6447,7045
2015-09-09,558,6247,6805
2015-09-10,483,6100,6583
2015-09-11,1024,5551,6575
2015-09-12,1690,3090,4780
2015-09-13,1566,3009,4575
2015-09-14,875,5702,6577
2015-09-15,921,5517,6438
2015-09-16,904,5747,6651
2015-09-17,859,5791,6650
2015-09-18,1138,5231,6369
2015-09-19,2252,3176,5428
2015-09-20,1975,2720,4695
2015-09-21,873,6120,6993
2015-09-22,939,5502,6441
2015-09-23,1123,5278,6401
2015-09-24,1133,5094,6227
2015-09-25,1333,4561,5894
2015-09-26,2539,2701,5240
2015-09-27,2194,2670,4864
2015-09-28,893,5634,6527
2015-09-29,728,5408,6136
2015-09-30,664,6194,6858
2015-10-01,754,5313,6067
2015-10-02,720,6054,6774
2015-10-03,1322,5834,7156
2015-10-04,1502,3994,5496
2015-10-05,793,6281,7074
2015-10-06,884,5527,6411
2015-10-07,883,5932,6815
2015-10-08,929,5547,6476
2015-10-09,970,4988,5958
2015-10-10,1719,2866,4585
2015-10-11,1850,2655,4505
2015-10-12,1031,3805,4836
2015-10-13,860,6226,7086
2015-10-14,887,5347,6234
2015-10-15,749,5709,6458
2015-10-16,1127,5531,6658
2015-10-17,1595,4679,6274
2015-10-18,1304,5919,7223
2015-10-19,712,8950,9662
2015-10-20,793,6524,7317
2015-10-21,956,5550,6506
2015-10-22,1005,5050,6055
2015-10-23,1029,5332,6361
2015-10-24,1733,4114,5847
2015-10-25,1620,2952,4572
2015-10-26,762,6613,7375
2015-10-27,748,6442,7190
2015-10-28,611,6047,6658
2015-10-29,784,5655,6439
2015-10-30,1010,5299,6309
2015-10-31,1750,3638,5388
2015-11-01,1655,2888,4543
2015-11-02,769,5842,6611
2015-11-03,910,5046,5956
2015-11-04,819,5586,6405
2015-11-05,869,5494,6363
2015-11-06,1290,5037,6327
2015-11-07,1844,3104,4948
2015-11-08,1427,3258,4685
2015-11-09,764,6716,7480
2015-11-10,660,5553,6213
2015-11-11,769,3827,4596
2015-11-12,761,4696,5457
2015-11-13,894,8925,9819
2015-11-14,1476,4683,6159
2015-11-15,1415,3739,5154
2015-11-16,826,6095,6921
2015-11-17,800,6692,7492
2015-11-18,815,6323,7138
2015-11-19,733,5553,6286
2015-11-20,906,5879,6785
2015-11-21,1556,3930,5486
2015-11-22,1360,3900,5260
2015-11-23,599,7823,8422
2015-11-24,689,7027,7716
2015-11-25,789,5280,6069
2015-11-26,1207,2407,3614
2015-11-27,1123,3402,4525
2015-11-28,1170,2919,4089
2015-11-29,1132,3597,4729
2015-11-30,644,7211,7855
2015-12-01,594,6254,6848
2015-12-02,732,5769,6501
2015-12-03,745,6237,6982
2015-12-04,914,5876,6790
2015-12-05,1551,3535,5086
2015-12-06,1429,3274,4703
2015-12-07,785,6388,7173
2015-12-08,742,5851,6593
2015-12-09,787,5681,6468
2015-12-10,768,5236,6004
2015-12-11,1029,4789,5818
2015-12-12,2022,2931,4953
2015-12-13,1693,2530,4223
2015-12-14,705,5650,6355
2015-12-15,700,5685,6385
2015-12-16,788,5463,6251
2015-12-17,745,5077,5822
2015-12-18,866,5066,5932
2015-12-19,1317,4535,5852
2015-12-20,1191,3655,4846
2015-12-21,632,5844,6476
2015-12-22,701,4606,5307
2015-12-23,709,4570,5279
2015-12-24,1105,3423,4528
2015-12-25,1759,1476,3235
2015-12-26,1068,2271,3339
2015-12-27,1111,2743,3854
2015-12-28,740,5932,6672
2015-12-29,699,6014,6713
2015-12-30,833,5447,6280
2015-12-31,911,3765,4676
2016-01-01,1575,2749,4324
2016-01-02,1036,3493,4529
2016-01-03,1076,3740,4816
2016-01-04,619,8442,9061
2016-01-05,575,11437,12012
2016-01-06,629,7787,8416
2016-01-07,643,6477,7120
2016-01-08,709,5692,6401
2016-01-09,1342,3660,5002
2016-01-10,1114,3715,4829
2016-01-11,627,7260,7887
2016-01-12,567,6928,7495
2016-01-13,545,8002,8547
2016-01-14,635,7043,7678
2016-01-15,779,5181,5960
2016-01-16,1222,3132,4354
2016-01-17,1261,3150,4411
2016-01-18,772,5489,6261
2016-01-19,591,9747,10338
2016-01-20,627,7222,7849
2016-01-21,612,6892,7504
2016-01-22,796,8394,9190
2016-01-23,740,4475,5215
2016-01-24,646,3866,4512
2016-01-25,560,7622,8182
2016-01-26,625,7820,8445
2016-01-27,724,7501,8225
2016-01-28,588,6142,6730
2016-01-29,841,5585,6426
2016-01-30,1310,3707,5017
2016-01-31,1270,3340,4610
2016-02-01,664,5830,6494
2016-02-02,698,5954,6652
2016-02-03,663,5847,6510
2016-02-04,718,6100,6818
2016-02-05,754,5522,6276
2016-02-06,1255,3593,4848
2016-02-07,1320,3367,4687
2016-02-08,709,5853,6562
2016-02-09,587,6356,6943
2016-02-10,631,6338,6969
2016-02-11,501,6843,7344
2016-02-12,866,7920,8786
2016-02-13,1052,6515,7567
2016-02-14,1081,8826,9907
2016-02-15,781,7955,8736
2016-02-16,680,8591,9271
2016-02-17,806,6751,7557
2016-02-18,786,6496,7282
2016-02-19,850,6119,6969
2016-02-20,1430,3622,5052
2016-02-21,1357,3163,4520
2016-02-22,738,6441,7179
2016-02-23,591,6376,6967
2016-02-24,601,6906,7507
2016-02-25,688,7077,7765
2016-02-26,768,6555,7323
2016-02-27,1337,3996,5333
2016-02-28,1330,3308,4638
2016-02-29,655,6302,6957
2016-03-01,623,6177,6800
2016-03-02,670,6178,6848
2016-03-03,668,6375,7043
2016-03-04,715,5506,6221
2016-03-05,1414,3848,5262
2016-03-06,1317,3255,4572
2016-03-07,759,6044,6803
2016-03-08,795,6195,6990
2016-03-09,1018,5748,6766
2016-03-10,1209,5688,6897
2016-03-11,1157,5849,7006
2016-03-12,1696,3478,5174
2016-03-13,1466,3221,4687
2016-03-14,669,6288,6957
2016-03-15,738,6347,7085
2016-03-16,885,5822,6707
2016-03-17,878,6262,7140
2016-03-18,927,5612,6539
2016-03-19,1559,3830,5389
2016-03-20,1348,3653,5001
2016-03-21,655,5753,6408
2016-03-22,787,6035,6822
2016-03-23,1035,5786,6821
2016-03-24,951,5437,6388
2016-03-25,1143,4486,5629
2016-03-26,1569,3520,5089
2016-03-27,1418,3131,4549
2016-03-28,639,5367,6006
2016-03-29,685,6962,7647
2016-03-30,806,6477,7283
2016-03-31,865,5794,6659
2016-04-01,1304,5100,6404
2016-04-02,1869,3339,5208
2016-04-03,1350,4881,6231
2016-04-04,641,6308,6949
2016-04-05,727,6794,7521
2016-04-06,794,6004,6798
2016-04-07,799,5499,6298
2016-04-08,963,5639,6602
2016-04-09,1520,3355,4875
2016-04-10,1315,3392,4707
2016-04-11,752,5939,6691
2016-04-12,774,5769,6543
2016-04-13,899,5583,6482
2016-04-14,993,5520,6513
2016-04-15,1121,5308,6429
2016-04-16,1852,3224,5076
2016-04-17,2141,2869,5010
2016-04-18,1100,5621,6721
2016-04-19,1128,5675,6803
2016-04-20,916,5556,6472
2016-04-21,973,5025,5998
2016-04-22,1613,5073,6686
2016-04-23,2099,2840,4939
2016-04-24,1960,2785,4745
2016-04-25,1124,5463,6587
2016-04-26,1026,5194,6220
2016-04-27,993,5242,6235
2016-04-28,1034,5276,6310
2016-04-29,1133,5041,6174
2016-04-30,2206,3256,5462
2016-05-01,1604,3069,4673
2016-05-02,814,6050,6864
2016-05-03,1288,5978,7266
2016-05-04,932,5792,6724
2016-05-05,999,5802,6801
2016-05-06,997,5661,6658
2016-05-07,2202,4723,6925
2016-05-08,1997,2778,4775
2016-05-09,996,6500,7496
2016-05-10,991,5673,6664
2016-05-11,1301,5744,7045
2016-05-12,1243,5671,6914
2016-05-13,1160,5045,6205
2016-05-14,2369,3246,5615
2016-05-15,1815,3071,4886
2016-05-16,839,6189,7028
2016-05-17,919,5662,6581
2016-05-18,899,5680,6579
2016-05-19,1251,5360,6611
2016-05-20,1751,5359,7110
2016-05-21,2357,3160,5517
2016-05-22,2321,3023,5344
2016-05-23,1153,6013,7166
2016-05-24,1055,5762,6817
2016-05-25,1493,5861,7354
2016-05-26,1323,5918,7241
2016-05-27,1427,5090,6517
2016-05-28,2247,3193,5440
2016-05-29,2751,2641,5392
2016-05-30,1589,3227,4816
2016-05-31,955,7235,8190
2016-06-01,1039,6429,7468
2016-06-02,949,6164,7113
2016-06-03,1237,5380,6617
2016-06-04,2324,3382,5706
2016-06-05,1670,3269,4939
2016-06-06,967,6896,7863
2016-06-07,896,6518,7414
2016-06-08,798,5983,6781
2016-06-09,1111,5789,6900
2016-06-10,1587,5420,7007
2016-06-11,2562,3464,6026
2016-06-12,2115,3256,5371
2016-06-13,921,6371,7292
2016-06-14,1390,6361,7751
2016-06-15,1120,6571,7691
2016-06-16,970,5944,6914
2016-06-17,1397,5498,6895
2016-06-18,2984,3212,6196
2016-06-19,3243,3061,6304
2016-06-20,1089,6609,7698
2016-06-21,962,6531,7493
2016-06-22,1035,6160,7195
2016-06-23,1009,6095,7104
2016-06-24,1408,5506,6914
2016-06-25,2819,3086,5905
2016-06-26,2526,3117,5643
2016-06-27,904,6353,7257
2016-06-28,861,6583,7444
2016-06-29,1011,6936,7947
2016-06-30,1194,5643,6837
2016-07-01,890,5404,6294
2016-07-02,2140,3098,5238
2016-07-03,3282,2403,5685
2016-07-04,2799,2234,5033
2016-07-05,1213,6329,7542
2016-07-06,884,6385,7269
2016-07-07,730,6231,6961
2016-07-08,708,5553,6261
2016-07-09,2092,3208,5300
2016-07-10,2204,3112,5316
2016-07-11,1010,6469,7479
2016-07-12,983,6233,7216
2016-07-13,841,6136,6977
2016-07-14,759,6391,7150
2016-07-15,1078,6075,7153
2016-07-16,1926,3461,5387
2016-07-17,2065,3408,5473
2016-07-18,751,6985,7736
2016-07-19,817,6803,7620
2016-07-20,899,5932,6831
2016-07-21,906,6087,6993
2016-07-22,1018,5759,6777
2016-07-23,1681,3620,5301
2016-07-24,1896,3263,5159
2016-07-25,524,7369,7893
2016-07-26,715,7125,7840
2016-07-27,674,6206,6880
2016-07-28,675,6234,6909
2016-07-29,856,5869,6725
2016-07-30,1512,3733,5245
2016-07-31,1387,3372,4759
2016-08-01,801,6572,7373
2016-08-02,906,6345,7251
2016-08-03,1050,5927,6977
2016-08-04,955,5722,6677
2016-08-05,1230,5322,6552
2016-08-06,2071,3401,5472
2016-08-07,2144,3320,5464
2016-08-08,842,6312,7154
2016-08-09,800,6257,7057
2016-08-10,633,5884,6517
2016-08-11,704,6104,6808
2016-08-12,868,5905,6773
2016-08-13,1550,4144,5694
2016-08-14,1557,3987,5544
2016-08-15,647,6918,7565
2016-08-16,565,6490,7055
2016-08-17,632,6372,7004
2016-08-18,737,5789,6526
2016-08-19,983,5515,6498
2016-08-20,1961,3352,5313
2016-08-21,1586,2986,4572
2016-08-22,799,6296,7095
2016-08-23,946,5894,6840
2016-08-24,870,5568,6438
2016-08-25,860,5615,6475
2016-08-26,976,4696,5672
2016-08-27,2107,3082,5189
2016-08-28,2159,2932,5091
2016-08-29,1008,6116,7124
2016-08-30,890,5879,6769
2016-08-31,709,6095,6804
2016-09-01,742,5482,6224
2016-09-02,1215,4979,6194
2016-09-03,2664,2955,5619
2016-09-04,2909,2345,5254
2016-09-05,2070,2644,4714
2016-09-06,803,6317,7120
2016-09-07,859,5997,6856
2016-09-08,949,6283,7232
2016-09-09,1082,5765,6847
2016-09-10,1872,3732,5604
2016-09-11,2131,3273,5404
2016-09-12,974,5983,6957
2016-09-13,936,5988,6924
2016-09-14,815,5919,6734
2016-09-15,1035,5935,6970
2016-09-16,1296,5200,6496
2016-09-17,2666,3033,5699
2016-09-18,2193,2972,5165
2016-09-19,694,5022,5716
2016-09-20,1295,5897,7192
2016-09-21,1395,6148,7543
2016-09-22,897,5970,6867
2016-09-23,1222,5048,6270
2016-09-24,2255,3084,5339
2016-09-25,2294,2867,5161
2016-09-26,839,5585,6424
2016-09-27,832,5703,6535
2016-09-28,789,5576,6365
2016-09-29,780,5257,6037
2016-09-30,866,4737,5603
2016-10-01,1933,3173,5106
2016-10-02,1915,2795,4710
2016-10-03,1011,5197,6208
2016-10-04,1003,4953,5956
2016-10-05,986,5477,6463
2016-10-06,1059,5416,6475
2016-10-07,1312,4853,6165
2016-10-08,1993,2974,4967
2016-10-09,1464,2864,4328
2016-10-10,916,4708,5624
2016-10-11,894,7001,7895
2016-10-12,1052,5301,6353
2016-10-13,942,5664,6606
2016-10-14,1118,5774,6892
2016-10-15,2015,3125,5140
2016-10-16,1875,2671,4546
2016-10-17,926,6730,7656
2016-10-18,902,5927,6829
2016-10-19,855,5349,6204
2016-10-20,824,5060,5884
2016-10-21,1060,5336,6396
2016-10-22,1467,4394,5861
2016-10-23,1550,4373,5923
2016-10-24,804,7062,7866
2016-10-25,776,8205,8981
2016-10-26,667,8242,8909
2016-10-27,676,7400,8076
2016-10-28,949,6160,7109
2016-10-29,2047,3836,5883
2016-10-30,2041,3330,5371
2016-10-31,839,6737,7576
2016-11-01,958,6422,7380
2016-11-02,926,6057,6983
2016-11-03,876,5815,6691
2016-11-04,968,5560,6528
2016-11-05,1727,3797,5524
2016-11-06,1059,2326,3385
2016-11-07,1000,7642,8642
2016-11-08,804,4569,5373
2016-11-09,601,4880,5481
2016-11-10,707,5713,6420
2016-11-11,925,4869,5794
2016-11-12,1565,4289,5854
2016-11-13,1315,3159,4474
2016-11-14,752,6222,6974
2016-11-15,747,6466,7213
2016-11-16,813,6134,6947
2016-11-17,914,5790,6704
2016-11-18,1172,5424,6596
2016-11-19,1778,3545,5323
2016-11-20,1101,5079,6180
2016-11-21,608,8822,9430
2016-11-22,664,7482,8146
2016-11-23,780,5474,6254
2016-11-24,1214,2804,4018
2016-11-25,1284,3751,5035
2016-11-26,1276,3268,4544
2016-11-27,1267,3175,4442
2016-11-28,681,6475,7156
2016-11-29,697,6522,7219
2016-11-30,690,6397,7087
2016-12-01,726,6577,7303
2016-12-02,983,6199,7182
2016-12-03,1549,4088,5637
2016-12-04,1456,4028,5484
2016-12-05,742,6494,7236
2016-12-06,768,6669,7437
2016-12-07,713,6648,7361
2016-12-08,613,6291,6904
2016-12-09,941,7102,8043
2016-12-10,1497,4810,6307
2016-12-11,1409,4550,5959
2016-12-12,672,6538,7210
2016-12-13,720,6572,7292
2016-12-14,715,6422,7137
2016-12-15,707,8579,9286
2016-12-16,871,8743,9614
2016-12-17,1277,4757,6034
2016-12-18,1422,3895,5317
2016-12-19,677,7165,7842
2016-12-20,719,7399,8118
2016-12-21,659,6477,7136
2016-12-22,702,5705,6407
2016-12-23,805,4719,5524
2016-12-24,1078,2851,3929
2016-12-25,1401,2169,3570
2016-12-26,746,3428,4174
2016-12-27,725,5532,6257
2016-12-28,835,6102,6937
2016-12-29,841,5489,6330
2016-12-30,1010,5060,6070
2016-12-31,1068,3128,4196
2017-01-01,1727,2536,4263
2017-01-02,737,3538,4275
2017-01-03,608,6553,7161
2017-01-04,734,6510,7244
2017-01-05,669,7010,7679
2017-01-06,796,5692,6488
2017-01-07,1203,4541,5744
2017-01-08,1110,5510,6620
2017-01-09,572,9356,9928
2017-01-10,645,8235,8880
2017-01-11,656,6085,6741
2017-01-12,797,6086,6883
2017-01-13,988,5708,6696
2017-01-14,1454,4021,5475
2017-01-15,1339,3452,4791
2017-01-16,958,4840,5798
2017-01-17,666,6263,6929
2017-01-18,765,6072,6837
2017-01-19,793,6550,7343
2017-01-20,939,5404,6343
2017-01-21,1570,3675,5245
2017-01-22,1543,3559,5102
2017-01-23,661,7357,8018
2017-01-24,600,7631,8231
2017-01-25,778,7073,7851
2017-01-26,785,6278,7063
2017-01-27,954,6177,7131
2017-01-28,1560,4303,5863
2017-01-29,1472,3638,5110
2017-01-30,720,6764,7484
2017-01-31,702,6551,7253
2017-02-01,752,6910,7662
2017-02-02,668,6387,7055
2017-02-03,857,5808,6665
2017-02-04,1321,4111,5432
2017-02-05,1267,3607,4874
2017-02-06,707,6512,7219
2017-02-07,635,6133,6768
2017-02-08,723,5812,6535
2017-02-09,653,5270,5923
2017-02-10,717,7286,8003
2017-02-11,1333,4131,5464
2017-02-12,1308,3697,5005
2017-02-13,617,7353,7970
2017-02-14,701,6129,6830
2017-02-15,681,6586,7267
2017-02-16,623,6472,7095
2017-02-17,757,5921,6678
2017-02-18,1604,3608,5212
2017-02-19,1686,3231,4917
2017-02-20,964,4171,5135
2017-02-21,787,6364,7151
2017-02-22,880,5850,6730
2017-02-23,1016,5747,6763
2017-02-24,1203,5396,6599
2017-02-25,1588,3458,5046
2017-02-26,1171,3879,5050
2017-02-27,820,6213,7033
2017-02-28,748,5836,6584
2017-03-01,716,5375,6091
2017-03-02,706,6645,7351
2017-03-03,787,6187,6974
2017-03-04,1212,4891,6103
2017-03-05,1202,4749,5951
2017-03-06,720,6392,7112
2017-03-07,664,5794,6458
2017-03-08,787,5830,6617
2017-03-09,575,5353,5928
2017-03-10,846,5404,6250
2017-03-11,1169,4425,5594
2017-03-12,1342,4320,5662
2017-03-13,681,6745,7426
2017-03-14,694,4760,5454
2017-03-15,584,9917,10501
2017-03-16,686,8661,9347
2017-03-17,887,6309,7196
2017-03-18,1250,3919,5169
2017-03-19,1371,3817,5188
2017-03-20,764,6509,7273
2017-03-21,889,6091,6980
2017-03-22,722,6415,7137
2017-03-23,402,5242,5644
2017-03-24,978,5360,6338
2017-03-25,1590,3674,5264
2017-03-26,1421,3467,4888
2017-03-27,812,6387,7199
2017-03-28,787,6221,7008
2017-03-29,828,5838,6666
2017-03-30,822,6011,6833
2017-03-31,710,5973,6683
2017-04-01,1376,3985,5361
2017-04-02,1707,3680,5387
2017-04-03,837,7015,7852
2017-04-04,774,6620,7394
2017-04-05,988,6207,7195
2017-04-06,769,6141,6910
2017-04-07,841,5948,6789
2017-04-08,1585,3671,5256
2017-04-09,1804,3151,4955
2017-04-10,1346,6289,7635
2017-04-11,1601,5790,7391
2017-04-12,1333,5655,6988
2017-04-13,1118,5316,6434
2017-04-14,1379,4330,5709
2017-04-15,1819,3017,4836
2017-04-16,2438,2916,5354
2017-04-17,1285,5832,7117
2017-04-18,926,5670,6596
2017-04-19,837,6375,7212
2017-04-20,984,5897,6881
2017-04-21,1076,5511,6587
2017-04-22,1878,3614,5492
2017-04-23,1904,3473,5377
2017-04-24,938,6411,7349
2017-04-25,634,5901,6535
2017-04-26,836,6387,7223
2017-04-27,985,5564,6549
2017-04-28,1919,5491,7410
2017-04-29,3009,3741,6750
2017-04-30,2318,3374,5692
2017-05-01,1050,6365,7415
2017-05-02,1000,6487,7487
2017-05-03,932,6106,7038
2017-05-04,1010,6121,7131
2017-05-05,1007,6881,7888
2017-05-06,1822,3703,5525
2017-05-07,1749,3685,5434
2017-05-08,894,6976,7870
2017-05-09,972,6392,7364
2017-05-10,960,6070,7030
2017-05-11,945,6210,7155
2017-05-12,1280,5440,6720
2017-05-13,1498,3674,5172
2017-05-14,1850,3306,5156
2017-05-15,1024,6743,7767
2017-05-16,1246,6157,7403
2017-05-17,1454,6283,7737
2017-05-18,1406,5969,7375
2017-05-19,1324,5902,7226
2017-05-20,2290,3153,5443
2017-05-21,2260,3251,5511
2017-05-22,779,6012,6791
2017-05-23,1124,6413,7537
2017-05-24,1101,6105,7206
2017-05-25,838,5399,6237
2017-05-26,1245,3556,4801
2017-05-27,2912,3686,6598
2017-05-28,3076,3027,6103
2017-05-29,1753,2763,4516
2017-05-30,935,6503,7438
2017-05-31,1137,6362,7499
2017-06-01,1295,5987,7282
2017-06-02,1566,5868,7434
2017-06-03,3167,3629,6796
2017-06-04,2798,3820,6618
2017-06-05,936,6370,7306
2017-06-06,831,5756,6587
2017-06-07,1166,5770,6936
2017-06-08,1266,6001,7267
2017-06-09,1662,5523,7185
2017-06-10,3071,3617,6688
2017-06-11,2751,3604,6355
2017-06-12,952,7212,8164
2017-06-13,788,7839,8627
2017-06-14,951,6961,7912
2017-06-15,1185,6413,7598
2017-06-16,1233,5719,6952
2017-06-17,2368,3715,6083
2017-06-18,3182,3501,6683
2017-06-19,789,7544,8333
2017-06-20,878,6707,7585
2017-06-21,1011,6770,7781
2017-06-22,1096,6453,7549
2017-06-23,1069,5645,6714
2017-06-24,2321,4036,6357
2017-06-25,2877,3533,6410
2017-06-26,1239,6761,8000
2017-06-27,1084,6511,7595
2017-06-28,1204,6286,7490
2017-06-29,1267,6231,7498
2017-06-30,1247,5588,6835
2017-07-01,2002,3212,5214
2017-07-02,2349,3040,5389
2017-07-03,1351,5416,6767
2017-07-04,2611,2782,5393
2017-07-05,1402,6424,7826
2017-07-06,896,6493,7389
2017-07-07,964,6272,7236
2017-07-08,2092,3468,5560
2017-07-09,2704,3472,6176
2017-07-10,917,7028,7945
2017-07-11,772,6051,6823
2017-07-12,747,7385,8132
2017-07-13,663,6259,6922
2017-07-14,865,5410,6275
2017-07-15,2386,3564,5950
2017-07-16,2601,3367,5968
2017-07-17,926,6767,7693
2017-07-18,434,6221,6655
2017-07-19,912,7088,8000
2017-07-20,729,6802,7531
2017-07-21,1034,6196,7230
2017-07-22,1692,3897,5589
2017-07-23,1520,3535,5055
2017-07-24,697,6288,6985
2017-07-25,1003,6391,7394
2017-07-26,1220,5904,7124
2017-07-27,1096,6260,7356
2017-07-28,1239,5559,6798
2017-07-29,2547,3469,6016
2017-07-30,3118,3368,6486
2017-07-31,961,6354,7315
2017-08-01,853,6094,6947
2017-08-02,721,6081,6802
2017-08-03,942,6003,6945
2017-08-04,1153,5460,6613
2017-08-05,2108,3497,5605
2017-08-06,2723,3007,5730
2017-08-07,833,5922,6755
2017-08-08,511,5996,6507
2017-08-09,1272,6362,7634
2017-08-10,1062,5992,7054
2017-08-11,1292,5332,6624
2017-08-12,2171,3190,5361
2017-08-13,2731,2873,5604
2017-08-14,917,6536,7453
2017-08-15,727,5861,6588
2017-08-16,881,5922,6803
2017-08-17,1033,6049,7082
2017-08-18,885,5603,6488
2017-08-19,2197,3202,5399
2017-08-20,2497,3108,5605
2017-08-21,943,6061,7004
2017-08-22,668,5947,6615
2017-08-23,855,5938,6793
2017-08-24,1001,5591,6592
2017-08-25,1411,4852,6263
2017-08-26,2809,2948,5757
2017-08-27,2847,2920,5767
2017-08-28,1094,5732,6826
2017-08-29,748,5263,6011
2017-08-30,994,6031,7025
2017-08-31,1096,5702,6798
2017-09-01,1491,5095,6586
2017-09-02,2055,2822,4877
2017-09-03,2484,2673,5157
2017-09-04,2787,3111,5898
2017-09-05,961,6702,7663
2017-09-06,709,6080,6789
2017-09-07,997,6641,7638
2017-09-08,1538,6184,7722
2017-09-09,2860,3523,6383
2017-09-10,2491,3307,5798
2017-09-11,1084,6622,7706
2017-09-12,1041,6585,7626
2017-09-13,965,6209,7174
2017-09-14,859,6525,7384
2017-09-15,1216,6352,7568
2017-09-16,2535,3770,6305
2017-09-17,2316,3531,5847
2017-09-18,861,6878,7739
2017-09-19,736,6672,7408
2017-09-20,923,6323,7246
2017-09-21,1049,5833,6882
2017-09-22,1513,5620,7133
2017-09-23,2710,3417,6127
2017-09-24,2315,3279,5594
2017-09-25,867,6922,7789
2017-09-26,842,7053,7895
2017-09-27,801,6838,7639
2017-09-28,886,6528,7414
2017-09-29,1440,6078,7518
2017-09-30,2214,3342,5556
2017-10-01,2266,3428,5694
2017-10-02,1049,6685,7734
2017-10-03,994,6581,7575
2017-10-04,1071,6802,7873
2017-10-05,865,5821,6686
2017-10-06,1294,5574,6868
2017-10-07,2199,3512,5711
2017-10-08,1918,3005,4923
2017-10-09,749,4262,5011
2017-10-10,888,6899,7787
2017-10-11,835,6655,7490
2017-10-12,945,5891,6836
2017-10-13,1379,5647,7026
2017-10-14,2378,3521,5899
2017-10-15,2187,3339,5526
2017-10-16,835,6556,7391
2017-10-17,847,7345,8192
2017-10-18,924,6326,7250
2017-10-19,1053,6309,7362
2017-10-20,1441,5869,7310
2017-10-21,2470,3551,6021
2017-10-22,2271,3189,5460
2017-10-23,994,6732,7726
2017-10-24,805,6771,7576
2017-10-25,939,6215,7154
2017-10-26,801,6761,7562
2017-10-27,1273,6453,7726
2017-10-28,2566,3968,6534
2017-10-29,2072,3846,5918
2017-10-30,677,8607,9284
2017-10-31,941,8022,8963
2017-11-01,906,7752,8658
2017-11-02,1021,6735,7756
2017-11-03,1176,6292,7468
2017-11-04,1829,4619,6448
2017-11-05,1656,3772,5428
2017-11-06,854,6807,7661
2017-11-07,793,7303,8096
2017-11-08,733,7974,8707
2017-11-09,810,7729,8539
2017-11-10,819,7425,8244
2017-11-11,1410,6282,7692
2017-11-12,1337,4849,6186
2017-11-13,772,7414,8186
2017-11-14,815,7768,8583
2017-11-15,717,7254,7971
2017-11-16,762,7045,7807
2017-11-17,840,7047,7887
2017-11-18,1368,4416,5784
2017-11-19,1359,3936,5295
2017-11-20,80,69,149
--,524,5562,6086
